196
305888 -134873 6771
889304 -308471 7335
790859 775720 5467
608086 -554407 362
314323 -817158 2840
175426 -908329 8026
-703518 -904262 4017
867627 -755605 -3963
-709305 -432053 5022
-867393 620671 2508
-710033 -886187 -7349
678492 -418463 5226
158853 813409 -3745
-385914 -764472 7293
114070 387189 293
67513 48205 2169
-855398 -692099 -9856
-141514 -695384 2468
222230 210032 -8244
358953 -287782 5683
520672 454081 4266
504069 -226458 -4508
612890 725423 4191
617559 -384548 -251
22469 612034 788
696975 -656561 -310
-245954 -333679 -2823
735648 -829470 -5419
-734442 971547 -8996
-890262 573658 1422
481672 -152953 -9441
487022 -426278 -6778
712250 -197494 -7267
-19145 -532986 6904
-807829 -653082 2837
774809 -665536 -5874
419098 -40597 -1772
-200984 727550 -682
-920599 -19696 -8759
628264 886428 6447
344768 -34771 739
900422 244361 -9674
288446 326905 -6815
-218773 -689334 5062
-570624 608924 -5990
-66918 217929 5501
995166 132487 -6905
149447 -532527 4024
-715497 -357767 -7762
-928068 -833959 643
791941 913783 -569
313203 -697151 1736
274861 236576 3138
478071 765123 -9907
527679 -796501 4962
-346062 -760647 8615
-888991 -756054 -6034
-782355 860934 -1702
-938325 714547 8766
388133 -613937 6754
322559 -311203 -9075
-321990 119154 -6856
-833046 -559181 1708
-172662 -103326 -2228
75560 128473 -2412
-572856 -311303 -5109
-172904 -952074 2770
784648 195413 -5940
523124 573753 -5369
-231673 -574504 -5371
788105 526910 -7867
531670 -26480 -3782
208327 -707817 -7709
447772 -339876 -3412
389859 186711 6654
-891245 -427001 -7934
984440 291543 -5341
-975495 -392230 -3307
100198 88075 6048
151220 489985 -8097
375743 -800359 7587
553714 -859107 -5050
-922070 134733 -7589
670389 -852651 -6656
829440 850232 7475
-446942 264228 -9743
12315 -671247 -3064
-608744 -293609 9460
-77282 -284609 -6156
608121 42055 -2352
956403 734821 3840
-640151 -597414 6033
-681261 331995 9795
337432 600440 -8213
14724 -592777 3401
-798058 595910 -309
-148273 560535 -8571
925770 -820447 3957
959808 769375 704
-162192 693056 9409
-92231 944911 9914
467920 638470 1786
917196 838492 5309
-679539 -208582 8116
287816 485536 -6002
34540 -996854 8039
216341 193134 -5988
-460258 -720609 1863
877300 702973 -3873
-580147 -69449 7556
-290384 872400 8837
-455542 -346625 -3220
669957 689184 -3687
638839 -432084 4774
405492 -486440 -1147
613014 484105 -9451
-835853 -282322 -1745
-819762 146624 9968
-773851 -777265 8686
418795 343476 2077
819217 -390886 2739
-438314 -542861 2230
63638 625827 -3695
-249126 311188 -5873
-223172 231317 8242
777671 -319964 -2740
321357 795893 8744
-858637 -446544 5010
-391581 -222057 6758
-491795 -36845 8670
799040 -311575 -6048
826538 224109 2742
114709 340463 -4275
-330376 155472 3455
351800 938503 -7684
-570861 -560135 4813
-547261 262510 8322
105840 -299139 -118
389126 506267 3884
639413 -461388 7910
723788 199353 -8108
-650168 -776647 2735
484490 -498764 8846
562150 -463602 -4827
311776 438427 659
667893 -836729 7916
935530 382759 3752
695031 341686 5261
21642 125030 -6661
50523 -787321 -4563
490147 -774387 -146
-172395 -637439 -4098
-456618 872973 -6255
334334 -595043 -1841
-895976 -132161 743
-449979 696436 729
297695 957847 1608
-709697 769640 7519
69090 -645481 -7595
126527 979 -7935
683166 -580705 5550
-667758 -635581 487
820816 288455 1456
-166659 109736 3428
353772 491510 -7739
952121 607555 6893
121304 -351621 -289
172673 -990455 -2711
-964196 -716428 -1283
-848480 782808 8995
-183563 839447 2156
981062 -17375 -497
439230 230647 -919
155017 449252 7301
425322 -795446 9440
814196 735857 -6004
574005 613120 -3091
611703 -571532 9391
344734 701026 -5930
324644 -863556 2127
-493589 101974 5860
-71883 281632 -41
786326 89930 -2338
847942 -317233 3445
-252834 545207 8441
996569 222581 1540
-137242 -597193 5175
-218084 334503 -4397
-426539 390876 -4838
-421934 -278233 -504
-668761 909640 -6725
770863 442423 8231
566868 554914 7980
-486876 -475270 -4659
-449443 -231974 8651
-582362 566001 4594
