192
394540 319729 -383
481447 670659 -8742
629154 -575277 5084
7441 -448262 7495
301939 -479707 -9198
-641277 807887 1905
10157 460922 7936
-493176 -795825 6964
650749 353084 -1351
-948964 686150 -8177
940276 301363 889
341156 927011 4152
-751612 -743486 -8520
-559112 -717713 -5333
-814373 580500 2644
471922 28400 -1081
300002 801242 -8430
-819003 -633927 -2317
-508299 -68682 -7267
213900 166740 -7850
-206631 -900042 1513
696507 382840 6172
493170 776071 2469
-362006 659863 -9285
-433320 188727 -9147
-394538 254348 1741
-130239 360542 7934
705228 -931794 -3127
-764945 -582011 -2712
399022 -47073 2575
214994 73184 -5217
46249 430727 6496
223555 -986802 -5463
343464 -602418 -5186
-484861 -502810 -7722
-659748 708917 -9420
39844 253371 3157
-606204 669330 8297
609779 -930211 1907
497848 -773223 3270
575057 829261 527
981749 49247 -3239
44993 351109 -965
-967390 98385 -6356
-972170 427877 -7332
-663414 806633 2955
-938023 793707 13
90655 -688024 6389
22227 -103023 6080
670891 -734540 -4805
254721 518796 -8599
-731534 -374940 -5335
476824 -919241 -2100
-693453 -295117 -6258
-583550 -526377 -6447
-715311 393438 -1141
115664 -457976 4637
295157 -294309 -4686
-621859 -878610 -2641
-81419 -551493 -7732
-436688 541883 5979
-768762 -588910 1969
912243 -352732 116
407270 510205 -7923
-71673 461469 380
-998966 -60911 9637
-469357 -208180 -4478
860419 59592 -3933
181518 -943833 9106
-67438 -64984 3357
-631061 971536 1336
433980 -552266 9958
-698039 891968 1885
994777 -717649 8746
201652 -242303 -6941
408884 64557 -4717
139139 347614 -4920
-853992 745872 -4652
-79501 14798 5978
-677190 773379 -8363
369799 385590 4717
-547613 -743127 8798
-784828 -33096 -5817
826970 694716 -2548
491260 -958017 -5850
49795 389091 1181
-321107 -346717 -7179
957221 413171 -1751
-861680 75208 7090
-622929 108793 -2956
90794 -985303 2126
-526768 -289732 9866
-223825 -448693 7811
-544775 651190 5027
306887 -537591 821
-538347 252224 7988
922361 -453896 -20
204151 -443810 6430
223550 -459347 9275
-116530 -850483 -9085
541559 -886282 -8407
733916 -946369 -3091
409402 538113 1480
786365 -448779 364
-537600 -533144 -6696
463088 -182780 6222
648831 -594761 -5713
-788181 -482248 8551
437178 -639208 -2122
576472 -551630 9494
450835 -266380 -7476
65077 -347635 -5128
-285554 795615 -2592
927599 -200258 -2358
42974 512756 6480
351763 982647 2231
774658 832681 -6881
568240 -22748 -4850
203225 212729 -4465
133364 653612 3608
-405380 -626158 3770
282239 64502 -3073
-279545 -636178 -7440
765071 -691560 4856
745205 763821 -7942
973213 -211394 8901
-216406 -511589 5174
994108 438212 -331
-591062 308425 -3143
-970726 304816 -1079
-645501 245298 6756
-53313 580373 648
777070 -266024 -6850
-311569 -12773 1621
830018 409799 -1514
975213 -260398 8242
-306510 187817 -6246
593465 46399 -992
548588 350617 4901
-665662 68749 5536
-232574 637470 -3636
-7469 376575 -2294
-75344 -592301 8214
78354 -830494 7045
-406074 196012 6939
-716243 -887635 -2819
279540 105698 557
-224551 -268921 2370
710725 796559 -8052
-522441 305282 -5605
295110 -352848 -3188
-657431 229527 -8206
-138176 874927 9728
-740617 -655189 -7520
176262 -474216 4916
-447746 816731 -4492
-123390 829094 -799
40792 526379 6435
658172 -866199 374
76300 -317901 8493
16106 -690371 5880
755490 -953615 -1774
787401 -472581 8300
340943 397031 4999
990433 993226 299
964384 -379624 -4571
566244 57949 6794
-181019 839447 -9675
358817 -974603 -4319
-882982 -467624 -7889
-942473 161901 7141
-523725 -245895 -5015
888711 792185 9456
-485806 60648 7912
922256 872805 -9466
744105 -567802 -7931
-349832 617073 9579
284433 -174964 -9410
-954892 -792454 7666
-394430 888865 1131
-264303 -462629 -5163
-129403 -107061 2078
145402 -265574 6845
-330564 690244 3994
561770 736824 -548
413941 720237 5445
-868329 -613236 9702
258507 918544 -9045
-675830 86578 9317
-726273 -869082 4175
-941032 -400346 -7250
250187 440891 9368
