300 7
-19429 -38860 -93911 5
16875 87482 -48836 1
-34011 -4179 38636 3
16165 55342 69184 6
-35050 31344 -9234 2
47434 80045 -48509 3
-50919 -86896 94682 2
-17152 87569 -27941 7
-32946 63800 19289 6
30572 -89318 -14584 3
-51547 -97042 -92373 7
80649 -49816 7878 2
83108 -88557 82150 1
-1898 -992 96932 3
-26048 -52446 -9417 7
17732 897 -46946 2
21227 36764 63168 6
-79071 -36177 -20125 7
-66458 43604 62176 5
81988 17777 -54595 7
46291 -11368 -50032 4
52658 62567 55313 5
68101 -13085 53504 5
-6376 -54059 55902 5
-36833 -90679 75700 4
-93541 84057 44798 3
61360 -41795 35635 5
8295 -85199 83330 2
-36769 -17832 -97302 7
-50346 25837 -52511 4
25768 77 82410 4
-90987 -26588 -67464 2
5618 48834 -22255 5
-91440 67393 59164 5
-91484 -28397 29859 2
-24292 -24286 -7204 1
19534 -95199 30415 3
-2997 -95370 -77597 1
63719 29866 16957 2
-35325 23078 25756 7
-16536 -29407 -12047 6
-75969 21509 68802 7
15012 -5006 99211 3
67992 39917 52386 6
-13856 29374 -55687 6
84306 -56438 1907 1
-76541 -27259 -80947 3
-46923 18162 35139 4
15357 -80694 -78542 1
52748 -48670 -27526 7
-26054 62137 21732 6
-33523 57590 -58761 6
85254 32966 -50010 1
29885 -30315 3534 5
29691 -37683 -71806 4
-74707 -64405 -64062 2
56954 74117 -92421 5
-17781 23799 -89863 1
18538 -79866 -23283 4
-34594 -5368 -1589 5
-58102 68026 83515 7
50593 8428 26840 7
-97951 -20976 -15919 7
-99082 63076 -6955 4
53425 -87083 -53583 6
41670 -84799 -32149 4
57447 80904 -91781 7
85670 -46603 43099 2
-32828 -54938 -77271 7
89656 72704 28503 6
-29205 53523 -80577 3
-66888 81086 -94729 2
-83169 -12299 1464 6
-18043 41409 30754 7
60331 88916 13385 4
80622 71200 -98055 7
62918 -91262 -33705 3
-24536 -83503 63099 2
-26982 13393 -66567 3
3322 21098 94796 1
88333 -47629 -40000 1
-10933 -68845 -69467 7
98843 -14389 -11344 1
-37598 63907 55585 5
-21754 26897 -33270 4
61645 94958 78818 3
-80326 29097 54267 1
59091 -21286 88475 5
-29901 -75550 -20705 2
61074 -11120 43436 1
50051 82914 77631 7
-87894 21079 71310 6
-32164 34383 -21363 3
-94478 10896 67235 4
-26617 70114 3005 6
-36090 -87524 -13250 4
12139 -69306 -88556 5
-53679 49523 -6153 1
-52800 -41514 56827 6
-37253 -50008 -50211 4
-35043 -87316 88099 3
10209 38370 -33529 1
-41734 -13846 13781 1
-87891 37192 90245 3
-3687 42621 -73394 6
55943 598 80223 4
79379 -30079 18206 4
20577 60601 -63321 3
-96596 20199 -6421 2
74922 48098 21250 3
-8787 46551 -7235 6
-38400 67134 77204 7
59426 46565 16240 7
-69925 74745 7599 2
58446 83264 70026 6
23091 -6754 -29324 7
23255 62505 -12779 3
-28710 51662 99451 2
-94001 73312 -88309 3
64906 -59926 -72229 4
81559 -70322 6029 5
-92103 -74473 -61097 3
62636 21952 3131 2
-22439 -86745 -63443 3
-9981 -51465 -18441 7
97845 -50909 -2512 4
31790 46761 -19422 3
-43815 -57671 -25817 4
-54796 37591 51338 4
83195 -98729 26947 6
-62920 77948 45419 3
-19169 4803 -98867 1
5215 -22394 -51827 1
53898 -72310 -16425 5
91759 -55865 -6659 7
3478 -95134 91447 1
24787 -61753 29310 5
83230 -49097 -47180 5
1598 60362 -13655 4
84069 87307 31913 4
-70260 -99556 8920 4
21640 -69729 -85389 5
-32234 -79166 -76126 7
99048 -81355 -62034 5
35363 -39945 64902 2
84387 65353 1852 5
-40126 53432 67207 2
-7715 6565 -18721 6
13833 5765 -59528 3
75109 89514 72348 3
-23188 -87106 -90155 2
3023 826 -54151 1
34783 32110 27997 6
40024 -12402 0 7
85557 -4734 -78686 2
51369 -38174 95515 2
-55388 87795 -86992 5
46120 21034 2853 4
-92499 -41921 64208 6
-70842 22906 -10150 7
-37093 10892 52707 2
77900 -49896 80958 4
-28184 -89742 -38916 1
84121 21298 3849 7
-64550 -21956 -18064 1
-74253 -28281 57615 4
56046 -11651 42922 7
-47834 -12465 20087 1
-6114 -24416 61741 2
-61198 78973 36452 5
-57867 58562 -64689 5
85762 -8164 48154 3
52663 20942 -36229 7
70549 31490 -63790 5
-20027 -3189 16318 1
-69095 -33580 -34330 4
37379 -57520 -51628 3
-92767 45991 -53220 4
-54263 -62499 -29507 7
-97965 -41943 -44252 6
40322 -64500 -88324 7
-26288 6606 80965 3
-53149 76624 -74182 3
26614 36651 45420 3
87585 -18461 -13456 2
-7342 6539 93129 1
-7947 67993 -23888 6
-92838 66310 -44602 2
-34273 80291 -45749 5
-34859 -84689 -46220 5
-4920 -24445 52827 6
-67939 -78195 41394 2
-85990 31344 40099 1
-50003 -75253 -99842 7
93384 -41085 -80491 4
-26820 74558 -58357 3
-68353 -78278 95125 1
-99770 43165 86117 1
24614 1408 -77155 7
-31478 -27782 -41159 1
97720 14325 9544 1
-32858 35669 68699 2
-44865 96068 32084 6
44102 -38019 2735 1
57066 -79005 -54115 7
60146 -43814 58159 3
57787 45047 86187 2
13747 33572 -12856 4
-77454 22688 85257 4
-89056 48980 -57099 4
33563 24037 -42565 4
91185 -98154 35602 5
-79998 -43754 50167 5
19280 -8798 72095 3
-46199 94313 -86338 7
-90530 53705 20567 1
24759 -39754 90232 1
96318 -4727 95239 3
62731 -85280 52178 6
-67437 99099 55014 5
93250 -91003 -75226 1
-88587 -51885 7484 3
95564 -78339 -67169 5
-48953 -63147 -85591 1
-9723 -11527 -30960 1
-44269 80071 59037 5
57697 -45432 -61636 5
-89523 27232 -49905 7
5365 17053 74132 1
-97843 -1652 -13646 1
2690 -84777 42942 6
-75954 -53245 12445 2
57744 -77445 -54037 7
-491 77541 -32093 6
-98431 37356 -71633 3
-23082 -88145 3523 1
3131 -82759 -61177 4
67011 -39381 45551 6
-16409 -37825 -56074 1
66854 34979 61246 5
68318 -51138 67536 6
-63167 90929 39449 1
96560 -16635 -69406 3
32107 -21027 -1869 3
95061 -77675 -5628 6
-85406 87725 -72413 6
40173 -84994 12033 7
-87146 89468 -16866 5
-27508 -90301 5397 7
-3695 83376 -39539 1
43112 80269 82673 2
87427 -21008 -27036 2
31615 -54537 50656 7
22692 -8401 55236 6
68130 -76861 -73177 1
-37474 91047 20761 3
35927 70065 97970 4
-30686 14920 98432 5
-37015 13710 33674 1
10956 -80253 -16451 3
27605 -30513 -38904 4
29090 56916 66399 2
55223 -40770 -78226 6
-92804 73195 -20931 2
76824 -10566 10804 5
2379 63494 -77775 6
-16037 -69245 3103 3
-99485 16843 67694 6
-32609 82031 17112 2
75322 44220 -57855 3
93769 30536 -45807 4
18900 70208 38888 6
-87598 -73857 -83621 7
-12822 57822 -8959 6
62086 22188 -26507 7
-39524 -82202 -55758 6
-32295 -74718 -74861 3
6445 -8393 -58501 3
92411 -29867 18241 3
-55 -56959 55112 3
4476 -89132 -90160 7
87806 40060 72676 2
-60198 -75886 -51755 6
54279 40053 -91224 5
-56806 -92451 -15747 3
70998 -94428 25014 7
75603 47433 88534 2
12025 -46161 -48506 7
-58968 -458 -54661 3
70956 42707 95012 6
-7044 -25712 -24016 4
88003 93974 28469 1
-26558 -22373 -17791 5
38098 -59248 18855 2
33420 45580 99989 4
668 -6139 -12090 4
-88228 76886 35507 2
-22139 43690 -44449 3
69154 41494 19384 2
-92971 23496 37306 4
