300 9
-86755 -7681 -67297 4
69746 59606 56841 8
-19011 14488 17098 2
72515 2239 -38189 5
63556 -31367 -56194 6
-9701 -91938 -38535 9
-77113 -74135 -61106 7
-7504 13220 38003 3
52133 -92258 61631 1
-88978 84827 66806 7
50500 62536 -94675 8
19012 -26892 91319 7
-764 50895 26592 2
-12488 -36898 -4387 3
-59699 -44339 -5879 2
-43723 97386 -77576 4
14239 -5618 24838 4
-67422 74862 34676 4
56695 -7619 -76820 2
-46562 51839 39704 7
3543 -12527 97537 5
5919 -53 -5504 8
59957 -3278 83952 6
18064 -11933 -98130 1
-94224 62811 78772 9
-32505 -21346 -83980 7
-25957 52907 -20351 4
16795 26369 25267 8
69413 71311 59330 2
77202 24456 -23340 2
-91425 93203 -62801 2
26049 79547 -74516 4
92852 62386 23803 1
-93419 -41937 19233 7
-63644 93633 -7393 2
45668 -8250 20508 8
48096 -13316 6182 8
2092 -13524 -61268 2
-57940 44873 13820 7
-64398 76390 -37150 9
57299 63908 -78930 9
38880 86281 22741 3
29404 -5428 -17804 6
81286 -6409 78538 2
-25967 -97157 40891 5
-22500 53765 -80858 5
83415 57111 4190 8
6624 -78606 -20711 9
10637 87045 -7013 8
-46366 89200 45424 4
30608 -88122 72338 1
-89337 35445 -80759 1
-76362 59881 81680 3
87342 79012 -8071 9
-69675 29468 35886 3
21115 39538 99371 1
-17560 -80180 27978 1
62419 61980 47092 1
-84353 58456 -97094 1
-12482 -76350 -91482 8
34780 52873 -8824 1
28384 95730 63116 9
53902 87405 -63487 2
86155 27877 -40035 4
-34268 -68778 96930 8
-34115 16826 47455 9
20195 -62935 -55866 1
38737 14853 80637 1
66087 5868 -5123 8
-36608 17558 -98825 8
-1178 93488 -66852 3
16241 -1799 3298 5
-65186 48653 -79159 1
96905 -63158 28985 9
-79767 -68385 9260 6
32913 -93518 -90522 2
-71416 6390 91991 6
-93757 80911 45958 6
-29478 71568 43362 8
92103 -30216 -25875 4
27249 85334 66881 2
9365 -96063 4441 1
94190 73466 16590 3
-84502 -55599 17857 8
-74877 89329 73487 8
73200 60897 -24158 5
95835 -96986 90064 3
-99859 79758 11222 4
-67919 -97726 10485 1
-21544 24268 78383 6
-28647 -18652 -93364 9
-55928 13648 -75148 1
-64846 60845 -18514 1
-58968 18312 9705 7
14385 97152 55053 2
-48399 -48574 -11427 5
89251 17558 -6836 4
-62401 87165 8792 4
95503 83023 -43524 2
-92600 49419 18681 9
36928 26560 -27121 2
-69390 34547 -87817 2
70202 74860 97144 8
48077 -52416 -91479 1
34375 -44248 22810 4
6282 -20020 71391 9
-58088 -12713 82875 6
-941 91305 -33566 7
19904 -19810 92777 5
33600 -2478 -95768 3
31929 -40720 59437 6
18521 43533 51475 4
10528 -61137 64477 1
-30828 85131 -66010 8
57786 86860 99870 2
-54158 -24665 59136 8
-44 91560 51963 2
-71693 -65577 -75752 2
42043 -6630 58065 8
-89213 -3938 70793 5
-21148 74844 89018 1
-8414 -68742 49766 3
5544 -47959 66872 9
-82218 7033 2975 3
41529 87435 9636 4
29920 39472 7337 2
56989 8032 -70376 5
-58337 -93408 -81987 1
-88215 17015 35529 5
-54709 -76202 -62784 1
3781 -84232 68551 3
-84174 -59382 77040 7
-92669 -75509 87795 3
-93449 -44148 -97843 9
-57363 -92513 -66214 8
-23828 77294 -7752 9
61650 34248 62741 7
19640 79101 -18316 2
-93132 88079 -16112 3
65317 -50059 -26742 8
-73693 65462 91146 6
61682 -83787 75751 4
42296 -88773 -88212 2
9712 90466 27532 4
-53163 -11033 15448 8
-86494 -17535 82398 4
66946 88385 28442 9
-41928 47830 9271 3
-80465 42239 49310 1
-4998 60661 -20294 5
62991 -92084 42381 2
44411 62735 -8716 8
-25213 15990 -67814 2
-87438 -65656 -79528 2
66285 -59009 -40206 2
-14609 -96081 -13995 3
62855 31588 -97591 1
28820 -87309 29762 2
24101 64667 -86032 9
-84117 23508 1008 8
91805 -31776 56730 2
-71851 14030 -47222 7
-26696 84402 -18355 8
-87160 -30355 -12009 8
-72785 10911 -23112 3
85349 44884 -18765 1
-37861 -39740 65863 2
-31291 14594 58035 1
71558 -8268 14358 4
-9196 88952 69455 2
40724 85298 12526 1
-47859 62397 -73916 9
48401 -39011 35462 9
3984 27610 84213 4
18007 -83954 14705 2
57546 -95890 -80513 3
-12646 4517 57364 3
60790 -77712 99942 2
61263 -71585 86841 9
-56587 -93232 7716 2
-60079 40612 -79102 8
-19029 63069 -94823 1
29198 -69918 54764 9
69783 -45028 33567 4
-56678 11188 97191 2
-85605 56152 -41944 8
48021 82617 -55329 8
-85128 -24988 76476 4
99702 -94054 91853 7
-65366 75941 38261 2
-29645 -45180 -92376 3
-37654 -81203 -86945 9
73276 50979 97178 6
38595 -77280 19591 2
-51576 -39303 -35690 2
-48960 43176 -65743 1
12292 -44259 -43993 5
-44404 53875 27792 2
12561 -75484 19427 3
61576 82525 39243 4
-45265 82995 -40356 6
66685 22823 8458 9
-21351 26742 -23454 7
-6955 16884 -46329 2
14261 15905 38181 9
92701 -41788 -38202 7
-38332 -23832 -25175 8
62208 -70667 63963 5
-57942 -33707 99076 8
-23253 -71514 -71689 6
-11075 -81792 -67723 7
2516 60050 31718 1
13273 -99232 -74202 3
88096 539 -32481 4
-1187 -39132 28342 9
2948 20283 -13732 9
52545 -88766 46491 6
70164 -64604 -45342 9
-84944 20828 64215 6
-13991 -30686 4164 2
47527 -94551 94430 1
-23451 -6797 -50588 8
-28732 -22149 75712 8
73533 8114 18560 8
-80218 27928 -77893 5
-8871 -82202 77778 3
60337 4530 46529 8
-67950 -95929 31842 7
52308 -56214 -65364 2
78406 -67739 -29608 3
-66554 57904 74630 6
28139 -67875 96271 2
-20376 48063 -81964 8
34900 -39170 53611 1
62299 -82430 -19238 8
-12324 30705 -80560 5
59481 82673 52199 5
-2551 32336 -77626 4
-67907 79637 -29319 2
61165 -37076 34249 8
-22033 13519 11516 2
-99584 60602 94387 7
9278 -85820 -4783 1
34189 90020 73034 9
26706 69290 75431 1
-21419 -19629 -5489 4
92719 49285 25963 7
31637 38473 -92208 1
64603 -7248 88704 7
61600 -7782 -77287 3
-45465 53021 -84220 6
-91689 -73548 -66599 8
18635 -72373 -70786 2
-19004 87833 92375 8
39827 -24780 12880 7
-53851 -16570 -39545 4
97054 -4494 -61419 8
22044 26099 -17696 8
-11496 95734 17460 8
-32104 -75274 -8085 2
44279 93735 -78336 2
-84595 -37678 -36995 2
93864 -62988 -1667 7
36262 -58777 -22948 8
20361 -80770 -74683 1
-11562 74541 -62975 7
41806 -42284 51352 2
-5906 43136 30320 6
-24234 13321 96353 9
76031 83161 -59060 4
61172 -90527 47107 6
-4916 91667 24217 8
5548 -47631 -58640 8
-41438 -36592 -67820 7
44696 81282 2106 7
51256 -17957 72831 9
-59908 34280 -2349 7
4319 76185 89710 5
-31724 -5222 -33274 9
78789 -19257 -19565 3
-53487 64099 -47256 6
-11113 -66030 -32891 8
-82264 -95600 -73202 5
-98569 57968 84789 6
2512 41606 -48807 7
33278 -4583 62368 1
51716 9789 -94993 2
-864 -54728 55960 2
15138 96601 -46460 9
-28868 50026 1065 2
11425 74811 67551 7
93168 82002 60203 5
-9256 53604 -94366 9
77348 -9119 -10536 3
94689 -62827 96469 6
-70327 -99246 6515 9
-45845 -57012 6495 5
-91187 -21906 26876 8
-8987 -42325 -57984 8
-73241 -46457 16074 6
