300 5
25469 -25868 -96419 5
11936 -62885 -75918 2
-76522 47781 21236 1
58000 54044 79155 4
89041 31431 -45861 3
-34635 -22133 43360 5
45422 -42085 -603 4
-80452 -98509 99803 4
3088 79531 94629 3
-30404 -65749 34838 1
59399 -96939 47259 1
21626 39570 -19560 2
59596 -65356 69154 5
-46488 45274 17224 5
-18847 24682 -68573 3
-17394 -8412 -39387 4
-10704 -94256 -43955 4
-48064 -46837 90452 1
-94072 42636 28668 2
7151 53782 13641 3
-55773 -32812 96599 5
88154 -26847 35190 1
59492 -36471 44310 2
96880 68507 96014 4
4106 41849 -64336 3
-93700 47487 -15704 1
-85835 -98467 40 3
92112 90354 -28638 1
-459 -55192 -71150 4
-34441 99616 -23971 4
70319 -63044 29107 2
-63591 12263 -5927 1
-11297 -31970 8856 1
6072 35246 -39221 3
7343 -78766 -61798 4
-31990 69029 42244 1
10930 9564 75986 1
88876 80832 -39083 2
56902 -43312 7940 2
-90085 19924 -56655 2
88722 -91276 45683 2
79752 -21264 24438 2
-91349 -21546 5173 5
34238 21739 79072 2
-88582 -80514 74685 1
-29931 63038 10804 4
43563 45124 -83231 5
-88446 25113 99064 1
-53794 -87775 -77380 4
-23398 43039 86333 3
-48942 56609 84230 4
19224 -49079 -4434 4
5191 -15310 45864 1
-88930 -4181 -40425 4
31580 94962 51189 2
-53540 29326 61836 1
-10250 83313 -56998 4
-99042 25488 24585 5
80937 20335 85848 5
61875 85757 57397 3
50628 -82204 -63471 3
17167 51722 -87386 5
-91994 -12649 -63876 3
-10135 -55053 84822 5
15657 -61089 89874 5
-6913 -84622 -53762 4
-50785 -83208 -76370 4
-7675 72162 94310 4
13783 12592 -54402 2
-3136 54248 -50598 4
-54153 3371 -58766 2
96633 -15095 -9835 5
-18452 -50984 9734 4
-32468 -8250 -61622 4
12903 96946 -45084 1
9296 1053 1925 4
-88366 71159 59574 5
-62406 91685 -90212 4
-8883 48858 26677 4
-93002 7485 -13121 4
-96781 -34898 -67288 4
85521 47081 -75287 1
6500 -15966 57097 2
-64087 14171 -52339 2
-86734 -78517 14216 3
39727 83743 83233 3
72112 -43681 82793 1
51751 -20521 66324 1
94541 -66835 98738 1
31841 -19600 7357 4
23290 -82111 -18520 1
-93338 19012 74188 1
27711 -30238 -42237 1
81070 -81345 64582 2
69328 86870 12646 1
-23034 -65330 19200 1
-67925 -94223 33750 5
46168 70632 -64445 5
19120 55230 -41137 4
-22849 -84125 -33374 2
74287 -67487 -72532 5
-3793 42486 -82388 4
-32391 62496 -848 4
-30852 63479 -34822 4
-61505 61392 -82923 3
-74492 30007 -81879 5
-56939 70542 -767 2
29494 78141 -22783 4
-88224 -45894 91249 4
-10722 50090 -23187 4
-97077 -86579 65185 3
-51701 -80260 -52381 1
57182 -84028 -65581 2
-67041 -20568 -4339 5
17487 -19768 35402 2
33636 18039 77731 3
37448 67045 29150 4
95924 -15186 -30898 1
3886 -25182 56820 4
44071 -44971 -32679 3
91874 -60681 -39306 4
-59777 -67439 95824 3
-7979 80308 -87356 1
-33953 98091 -50765 4
-31901 31433 -29147 2
-91082 -94790 -61012 5
-24365 -60256 -14053 4
74853 -96242 17458 1
15715 -22130 -86397 3
-63936 -61315 30909 1
-94942 -11891 45836 5
4461 -591 -3264 2
77548 61253 -96965 5
43644 -19380 -304 1
-59981 -80007 -33706 3
-82489 57978 20228 5
-84315 59364 19794 2
-43143 15221 94161 2
96858 -55134 -78758 3
-24818 -13974 13864 3
-85274 97394 -53497 3
-71547 42124 -8610 5
-1865 16412 -75170 5
78963 -97155 -84253 5
96192 -42297 -40053 3
-56495 -9254 49640 4
34094 -90380 -95156 2
16108 -82215 -49239 5
-93689 32958 -89820 4
35400 -2125 -73563 1
94615 67787 55694 2
70623 -44861 20558 3
36447 -21355 -61735 3
52755 -1045 -71924 2
16248 -39142 -85434 3
87109 -6469 -13389 3
41114 82328 25854 4
-18254 -73942 -98464 3
63026 -95204 2631 2
65633 16646 -90490 3
-4901 -34195 23005 1
22008 -84195 88393 3
15408 74162 9119 2
-38784 -58395 96293 1
-52037 -20178 -17892 5
-9161 -18779 83650 3
26638 -74231 -14481 4
-72079 38212 -92149 4
-50073 77570 -72985 5
-6751 -1248 8500 4
-43359 73012 -20444 5
-84485 -70932 85072 1
-49859 -85045 74398 2
-45682 -55786 24031 1
95028 9443 12372 5
29547 -57456 95740 4
-57331 -13541 -63047 4
87910 -28 -91627 5
-65539 -35629 -90953 5
-43968 70299 34655 2
76535 -80002 -53847 1
38278 -99935 -33280 5
8199 -39745 -66268 5
1662 87938 68561 2
17296 -35815 97647 4
-9849 71959 83901 4
-61787 -87314 -39323 2
70312 -83033 52091 2
6709 -99287 64884 4
-55360 -33622 -75613 3
22217 -73204 36251 2
-41812 2540 34748 1
-87142 -80448 -96652 1
22985 11423 38437 5
32983 -27302 51814 2
17779 -80553 9913 1
-31525 32289 -32792 4
5386 95896 28260 4
-67857 -44946 34456 4
9864 -98986 -16605 1
49349 -36306 -80992 1
-61964 -57425 6956 1
-8525 55773 10583 2
39817 25907 -10133 1
-59175 2644 21915 3
-76068 -84387 -71000 3
-86533 -47994 33816 1
21252 28330 58271 4
-27277 21668 33251 4
24199 -4745 6141 1
-8946 18080 37973 5
66591 22447 -55688 2
-45586 -57861 -55769 5
83733 97629 -26144 2
29064 -91704 12962 5
-62264 96709 43553 3
-59919 -44988 69172 1
54428 6654 -84834 2
44957 38953 77841 1
74585 -29982 95957 3
33082 -27976 -10111 1
76984 -34995 -86840 4
-26501 -51365 56579 2
-28209 82941 -50233 2
-72478 -66761 74296 4
-83215 -86747 -61488 1
62235 -43892 2652 5
-494 81665 65622 1
-43701 -74394 14453 1
-33210 -75998 38170 3
88246 -25652 1842 1
-552 -7483 -79032 4
26737 -38010 60444 2
79151 74399 -44519 4
-93794 87801 -17265 2
-96985 -9406 45896 4
-46624 35489 -70847 5
-32714 -89768 21117 4
5433 54547 3453 2
-50226 19024 47877 5
40655 22278 -1745 1
85230 4456 -33424 5
47988 45814 4402 1
-4861 603 -77296 3
-68467 85471 64162 2
14174 -70438 -4553 3
-97393 74504 -98160 4
42435 -49158 89450 1
64305 7479 75414 1
-73724 74826 51465 4
-44920 -80656 -97254 3
-61085 -53460 45384 3
80989 -18034 83301 2
67364 53369 36517 1
15247 29469 60430 4
-32590 49958 -26737 4
53569 71593 -37514 2
-59576 75009 74839 5
34575 27784 -28223 1
-51060 26781 -44510 3
-81868 60038 -41683 4
46231 67878 73145 4
83318 -59742 -98527 2
58118 -36234 -26447 5
-10104 61261 61409 4
-58381 87498 11178 4
72942 82132 -34035 1
23479 46322 -85860 1
-95006 9763 13848 2
-47800 46818 6221 1
81121 55824 419 4
21543 20978 6711 2
41692 -38120 2259 5
37406 -13965 -49621 2
42572 54701 57401 2
36586 57423 66450 2
-62821 22662 -6933 1
36634 464 32041 1
-64213 -71287 52017 4
-57066 93705 12992 2
-17246 78354 -13485 3
18035 74953 70966 2
-64373 -8561 -40804 2
66136 65950 86082 5
97678 50199 73207 3
96966 62955 76482 2
62913 -24645 72270 2
-22411 40741 -74504 5
50119 76998 -72998 5
81376 14049 87700 4
-55473 -24470 99252 1
-43640 40318 42322 5
-96036 -85747 -69246 3
-54322 -52442 76489 5
19098 31133 -11768 5
-94129 -64490 28453 4
-49465 23343 -7331 4
-8349 85957 23788 3
90795 -8493 -84436 2
51918 70979 75140 4
