300 6
95992 57731 10830 1
59680 37787 25575 2
-25562 -91664 25330 2
71719 87162 -67417 1
91344 -61784 24861 5
-47346 -37899 23909 1
-37269 -13599 -41009 2
72394 17164 -75198 3
-81414 92948 -22829 3
41852 -31141 -96825 1
-63015 -57048 29621 5
-38102 -89325 -91110 1
5066 -39127 -72801 5
-47784 99210 -30246 2
57957 20557 -11916 1
44699 68596 14367 3
-76050 -54410 -68565 6
-30037 14466 13584 2
17912 -28524 -80193 4
33601 16626 -67935 6
75970 44193 -54166 3
10190 61309 76657 1
-84776 -57860 73348 3
-1823 -90193 52438 6
-4573 -73540 38342 3
-47551 -31730 -74983 3
-36314 56739 68605 4
53045 55186 72702 6
-74231 98332 54135 1
-75347 -657 68499 2
-92393 24224 49275 1
-29877 -38824 52696 5
11745 28503 77030 1
-51446 74579 -43121 5
16072 82281 80476 3
-36422 -37043 -52591 6
61296 -60406 -36178 3
-17089 -15273 23651 1
11073 -62110 39798 6
-88382 -80762 58477 2
-43519 -31465 -23097 3
-74248 -68839 74312 5
45397 60801 -22144 3
56443 -29994 49503 4
77162 70228 77041 1
-17603 -35848 83245 6
89551 -84191 -84882 2
71791 -8127 98290 6
44603 -5487 -49101 3
-5040 -52069 8553 3
-14019 87750 -51683 4
75630 -45737 42340 6
-90653 -1075 -18803 1
33741 16506 82936 5
-97102 20919 6577 3
14793 17476 -76131 2
-14598 35301 37984 5
-59217 40715 36770 3
-41838 -23881 -4540 2
5253 48499 79755 5
-61670 -45864 -96113 6
-94626 4878 -22095 6
-79602 -4416 -20492 5
67367 90386 54279 5
-71380 40157 -65253 1
-47634 -97671 36058 5
92494 -64778 57233 2
75572 67642 -24640 2
75834 13843 -81722 3
13897 50277 25891 4
-63203 22502 -40758 4
-773 -45319 35507 3
84575 -96642 60961 6
-89975 -50009 -66206 1
91070 -15387 -44114 6
17411 96589 68571 5
-9810 -4699 -53180 4
-90567 36893 2165 5
38050 62899 28519 1
-8641 16279 -85439 5
49616 -81542 38171 4
85592 -61951 -76545 6
58631 -25946 57096 6
34919 -25889 -50208 6
35171 -7618 51639 4
28506 9611 -19666 6
-42440 52459 3092 5
-80832 2558 43402 3
13344 45685 8479 5
-63716 -11176 -16440 1
94147 5425 -66619 5
-62259 -83477 58666 1
69415 -67273 90260 4
-72934 -2205 95087 6
-93089 65373 46240 2
77265 30676 -40648 2
52218 -129 -11736 6
-42911 1264 -34323 4
-12478 87491 76701 1
-62195 -23423 -84462 3
-7833 -79864 75342 4
56153 -99751 97344 5
-13739 -32533 8394 2
63604 30919 21764 1
17788 83353 -27413 2
89589 -60105 -6691 5
37077 71075 75185 1
-56579 -56174 -25594 4
47164 -69705 -83865 4
45283 63764 -67265 1
-72010 48036 4064 3
-80735 33421 23074 2
78465 36822 66682 2
36251 71698 -41179 1
32437 -7159 17564 6
-68189 -27872 30559 4
1673 -32935 -51366 5
-85608 79006 -763 5
43642 24227 -5376 3
60254 8535 -27733 4
-79467 -97492 34604 6
54790 -59992 39560 6
-60045 -35864 47208 1
20517 14244 74790 6
21376 61166 41994 5
22437 11869 -21297 4
8063 92950 66082 5
-24416 5477 -42953 2
-8266 40367 10152 1
77627 -44080 39399 4
22043 6130 65316 5
-18141 -31855 6427 6
49687 33140 -48750 1
25334 -84773 -33021 3
-74468 -437 58227 4
86810 88383 -99773 3
-62430 92203 -65022 4
-51545 95679 -47545 2
-20881 -91861 -97091 5
79838 -19580 23864 4
-2865 88994 46341 1
-75898 -35950 92857 3
44734 -76029 20707 5
33729 96427 21898 4
-34769 -64205 74072 6
37292 -28032 5839 1
-75073 44310 79873 1
88357 38013 -25019 1
62372 -92252 -33785 4
-34072 -86098 35788 5
82260 -72198 7255 2
-15660 -25232 -4599 6
91048 -15936 -14528 3
24851 -24972 36866 4
-66692 86886 61229 3
-68584 10526 -15701 1
48666 -88055 97583 6
-61415 -64390 -11123 3
-85479 -23790 41587 6
-16441 -93346 -14424 1
-5880 73936 -64284 6
235 -86434 22984 3
28309 69116 -35410 2
10335 -35997 -75873 6
1242 56366 95906 5
99875 52254 86654 6
37830 -91301 33770 5
-82453 34480 -61345 4
12670 -58469 -13816 2
55899 -85804 58051 4
-32096 62092 37729 1
-47338 -17199 33376 5
-25458 20966 64801 2
-518 37975 4375 5
-74431 58338 -74189 4
-24223 54452 88275 6
-55207 65569 -38391 6
-4806 62318 -98224 1
-81151 -92484 84800 5
45503 -19965 -70560 6
-65145 62998 -71856 4
25880 56881 67117 5
-28133 18245 37538 4
-75130 3762 53869 4
-97245 -16854 51364 6
48221 24608 -42827 6
23025 -60606 64125 4
-25396 -6648 33335 6
49278 -13941 -30944 6
43267 55488 -79791 1
48576 -78329 81006 4
17615 -24936 62687 1
72225 66559 -71409 3
-47593 47842 -3656 2
-80491 47032 -17696 2
67791 11580 83249 5
92228 84231 -94228 4
-96485 -29144 -4492 3
-73782 88029 91897 5
303 -1263 -20312 4
44183 -87090 -86035 5
-44037 28447 -13310 5
-76980 -61859 -7967 6
93594 65731 6490 2
89522 14617 68319 2
109 -92309 4926 6
-18284 -36019 -35264 3
-7020 -82763 -84684 4
97657 64490 -26678 4
53835 -57651 44837 3
66149 74051 82584 6
10369 -97393 61504 6
-73895 -9274 64102 1
-89298 74329 -40103 6
-47065 -91239 73656 5
-2450 14411 -64683 5
49706 -50229 33372 5
16202 -65920 -90662 4
73269 51813 36128 6
-66382 60051 -29949 6
-16996 -2848 -43785 2
-72270 83438 -98298 3
31113 -46713 35411 1
31335 4226 51424 2
-45676 -98716 -39535 2
72070 -19300 32475 1
-29187 -60460 -401 5
-92675 -41012 64090 2
65056 18331 -60004 2
81610 -32090 31769 6
-73742 58023 44997 4
-65154 -94180 40215 5
-65304 74880 8910 3
32395 -26483 18454 3
24497 28274 -75697 2
-15270 -50442 84143 4
-46486 -24709 -55107 3
15334 -94190 -30397 6
85589 -81438 94867 5
7936 -96142 36606 3
96285 -39620 34783 4
-53756 -11069 28364 1
89872 56799 -35679 2
-61917 59276 3566 3
27429 -11316 -94232 4
-56962 19135 -40205 2
-79601 54724 98061 4
70746 58701 37139 2
-37663 -35378 94812 4
93792 -49004 40178 6
-99062 -83889 -30418 6
92797 66750 6949 6
65931 36600 33511 1
-76904 -73408 60893 2
54000 47178 77969 5
-68142 37033 57190 1
-97504 76646 89319 1
-76280 -84195 84086 3
-99760 -73295 -28788 1
-28692 43129 96378 3
-22399 81159 10790 4
91043 -36051 50719 3
-31704 -20656 34727 1
-43424 -81689 -34632 1
52155 11312 73137 2
39355 63920 14911 1
-66369 -82097 -29171 6
85625 43746 -62319 3
81513 -3712 57328 3
-70716 49660 -66220 1
43788 55814 -41500 5
65484 -25061 65804 6
74044 -91964 82290 1
-91098 50718 -44388 1
-47180 38863 -56773 4
-25430 -18403 -18610 1
-23401 3437 -15121 3
15251 -26949 -12285 3
95303 -67127 18326 6
47053 18006 -76101 1
89809 87253 97280 5
-37434 -17501 90717 3
35827 -78023 23434 2
-22134 41864 39762 5
86851 -49453 57204 5
96909 -91976 -89478 2
89460 85180 15487 4
6705 40495 65087 6
73894 -83291 98304 3
71514 15090 -28024 3
63028 -23893 37988 1
-46332 -53928 -74941 1
14579 -86570 18767 2
-94292 -67105 -66994 2
-8975 15352 53492 6
43412 73020 -80762 4
72503 53606 33007 3
86481 -24136 86954 4
82038 -21975 -79378 3
-13955 34124 -46650 4
