300 8
53657 0 8845 3
-82466 91243 -22350 4
0 99836 -65795 6
0 21772 -72623 5
926 98321 0 2
84273 26506 54950 5
5856 86824 -81927 3
90027 -41945 0 7
0 47661 -35822 6
0 -53503 -7058 8
10133 52742 0 6
-17366 764 0 8
82716 86052 -6423 6
0 -40486 1336 6
-38185 -9794 0 8
29861 0 -81110 5
-48681 0 28879 2
0 36429 33735 5
61164 66128 0 3
-25160 0 -62093 8
-82547 65247 74176 1
35892 0 -42020 7
-41351 75803 -80255 4
0 86072 29714 1
0 50398 -17201 6
-86520 -40898 0 7
-92802 0 -75254 1
12547 0 -11446 4
67091 75700 20199 7
0 84343 -44247 6
0 -26005 -90969 1
96424 0 -58517 3
-63015 26474 13134 4
37015 80035 -91549 5
-85001 54964 0 6
65780 -73231 0 2
-25155 89737 64077 7
-88862 -93952 -67093 4
0 74376 -85418 2
73615 63054 0 2
-82059 66654 1522 3
-91648 -62285 -38467 2
97562 -12464 -54452 2
41428 0 -79002 3
18887 0 -72499 6
-49708 75508 0 7
-70780 74298 0 7
-77061 -3642 0 4
59821 0 -7296 2
20515 0 23770 8
-60921 86683 -97590 3
0 27384 -87622 5
-62409 -2135 -55248 8
0 -3389 99509 8
0 47339 3281 5
0 56378 -40152 6
-91012 53051 70397 1
-37559 0 -59445 8
63553 0 -53138 8
65911 -94758 0 2
10138 92042 19388 3
0 -47103 -57472 2
58197 68381 0 4
-81656 0 6773 8
76368 0 -72767 3
54508 -2824 0 1
95015 0 41310 2
-7740 -48185 0 8
18888 50081 10336 3
-36666 0 -12224 8
-14722 2024 0 3
65013 0 -93821 5
-72649 0 41305 6
-84574 84284 46633 4
861 28387 0 3
-11669 -74312 0 8
71520 7553 54184 3
0 32289 -54696 4
-61348 0 -60862 7
47579 13482 -62788 6
33169 0 23980 7
0 -97984 87877 7
0 33623 73078 3
49865 0 -28688 7
-46891 -91295 44612 1
0 -17339 -55835 4
88401 77038 39714 2
-38069 0 -32417 7
-50726 -51109 90904 3
-7281 0 -41070 1
76023 -92377 -94307 3
0 -76981 -11095 3
-76616 0 70289 6
-21628 16973 47477 8
0 -68395 -49514 7
93987 -44481 43866 5
-59178 -93081 32623 1
-72441 -35150 -66993 2
46732 -15284 0 2
-25199 52018 3430 6
51551 -51270 0 7
53623 -68394 0 5
0 -63184 -4219 1
-57680 0 18687 2
76401 0 -49910 4
0 48304 9583 5
0 9193 43756 3
33595 -89893 54039 3
8786 0 96703 6
0 -94439 53467 2
0 -64087 60676 8
-96991 22524 0 5
58214 -12747 0 1
0 51310 -93481 6
38063 0 88105 8
-23743 17871 -43908 3
-22062 0 16416 5
-26642 0 67105 2
-4133 0 -56960 1
-9103 -54383 81101 3
90467 0 -95107 4
90918 51940 0 8
-57501 -98261 28349 3
41910 3318 15064 4
19540 0 -37613 3
67677 -52625 0 1
-17912 80668 0 4
-81498 -40008 -15355 5
0 -71085 67328 4
-18623 0 38756 1
81261 0 -82749 5
-27131 43335 0 2
23988 0 52370 3
16402 -30994 0 2
43022 67060 0 3
-29542 -34462 0 4
-72452 0 -4237 8
46460 0 37305 4
0 -13146 7480 7
-8579 0 26345 4
58655 0 -5476 8
60213 48749 0 4
-97596 27882 -95537 4
-24856 -30686 0 7
65946 -7335 0 8
91883 0 -47477 7
0 47125 55602 8
-45731 0 -5291 1
-46325 -52377 -64177 6
-64085 46787 -4414 2
-33181 0 -80367 3
-99371 15768 0 8
48293 34741 0 5
43536 42043 40957 5
1297 67950 0 6
42785 -85182 51754 5
-56330 -3127 75147 7
-68137 37034 -74829 8
0 -84154 -22391 6
-77928 75252 0 6
26673 -24208 9420 7
17870 72694 -72422 7
50647 48727 -32063 1
88290 -95 0 2
-82089 34099 0 6
-80117 -67409 10598 5
80567 91686 20279 3
-50138 0 -86098 8
56213 -46170 0 1
-37105 0 -40214 1
-19111 0 91355 4
59993 0 33045 1
0 22046 50415 4
43293 -66557 0 8
0 -23655 59262 7
0 82812 -45097 3
21514 -86369 99898 1
0 -8558 55152 5
60122 0 87138 1
0 -47322 38404 3
0 -48640 -75337 1
-33 0 -60351 3
97667 0 26616 5
0 -61284 41084 1
0 -91284 -99672 1
0 -60435 92729 3
0 14189 51310 3
23211 -24356 63365 8
63512 -89584 0 5
78898 21698 0 8
-54460 -69974 -19779 2
34237 46675 -89176 1
0 -53220 96246 2
62241 19508 -53438 5
30189 53391 68301 4
46624 41660 -51046 2
-51091 0 -51236 1
59744 26804 89249 6
28833 0 -42905 5
91783 54170 97542 4
93837 -97429 0 7
61063 -20837 0 8
0 31120 44970 3
-93205 -71394 0 5
89562 54397 0 1
8995 -50178 0 1
-1886 0 59009 1
74200 0 17371 6
0 -34843 -12593 4
58930 -97474 36791 3
0 -18365 -43145 6
85549 71187 72107 5
58416 -51327 0 5
-36422 -42923 61288 5
-9609 -58952 -88039 2
0 -6413 32968 8
41204 0 -46502 4
0 560 -18164 1
-76599 60969 -81750 4
-46760 -54227 0 5
0 -14018 -43393 2
0 46725 -17510 7
0 -45594 32564 1
0 27894 -81633 8
0 -95630 79049 6
43640 0 -79509 2
-30889 0 -43478 7
58348 31352 0 5
-56795 -94628 -21945 3
19728 49738 -74020 1
-16808 33472 74368 6
-43319 -56264 0 2
78554 -10247 55282 1
-14046 -71719 -83469 1
78077 63087 -56948 4
73926 -26983 0 5
0 -25615 -55623 5
49019 -38775 39703 2
-50309 64219 16055 5
86608 0 -37164 2
-85862 66102 0 7
-59700 64199 0 7
-631 0 98639 4
-67945 9600 65248 3
23446 0 80445 1
-88874 39727 -16157 8
0 -87681 -94282 1
64889 -86272 -23795 2
81801 -45235 -96752 6
-98742 0 36314 2
-20538 -59409 0 2
-85451 -14196 0 7
-49073 0 -99125 4
24297 66083 0 4
-27909 0 -38529 2
-38268 83610 0 4
-94702 0 -98538 8
31942 -98756 -39557 1
-66646 54568 94457 8
13945 0 -57327 1
-81316 0 71824 6
11385 0 -31183 3
0 7017 -90233 7
0 31419 -49364 8
-7897 0 -5726 6
59207 -30499 0 4
64736 0 -89254 2
-25049 43368 0 2
42042 0 -60232 1
31590 81364 0 7
32092 28205 58169 3
-95999 17230 -58515 8
10520 7032 -86778 1
-4299 0 -28295 8
81951 0 -96574 8
65520 0 90229 4
75121 820 53901 7
19843 26609 0 3
-6201 11783 0 8
94862 -52343 0 4
15326 -40530 0 8
-12806 -63142 0 3
0 -30539 -12467 6
18065 33728 -73742 6
-38467 895 -8319 8
0 -16417 24994 7
-84985 50776 13933 8
-20225 0 6927 4
0 11367 -17344 2
-95660 -23975 7747 2
-96517 0 -8624 6
22095 0 -72976 8
0 97429 -4483 8
-39240 20421 52644 4
0 42623 44807 5
-34187 47095 0 1
0 -91680 -74858 6
27188 0 -17710 7
0 25480 -83165 4
0 89595 67413 5
