300 8
0 -11829 -44497 6
0 16262 -52251 3
77346 98265 65414 4
0 34140 20800 5
-29514 0 -52146 8
-96253 23863 -72901 8
-66671 0 41780 3
57329 52165 0 6
45432 92828 0 5
-57082 -87454 -71620 4
84026 89750 0 6
98294 -39191 52800 1
-38545 59597 -14038 4
0 63140 -77058 6
0 -83363 14259 8
-60004 82478 14059 2
-16075 -73959 68450 1
0 -73616 -98975 6
0 -23975 -18875 4
88249 -61876 0 1
-54645 -80140 0 7
73389 25912 -5342 6
-1992 0 -16222 6
96345 16219 34428 5
-45606 -60359 0 3
-47842 -24214 0 8
-76154 29322 33881 1
-9641 0 12356 8
-4236 0 69037 8
-25604 -68397 75500 1
14754 0 23533 1
-92828 -96638 18322 8
-9197 37983 0 5
38204 58813 47430 3
-82812 0 16882 1
0 -59211 -73137 7
-54369 -50793 0 7
-3404 0 -49215 1
-4265 -36230 -46641 1
-30091 44907 -76202 7
-1572 -78825 0 4
0 -9585 93183 8
-41640 6084 0 8
0 75347 620 3
20923 74120 -66523 5
-70 -21128 0 1
-16255 80031 0 8
16502 -85446 -99516 4
0 62643 -62042 2
78683 0 -78649 7
95395 -74257 0 3
-93283 0 81455 7
-78984 -13529 62162 4
-64763 0 23970 7
0 -69530 94104 2
0 80573 -99230 1
-22982 -118 0 6
0 -78635 -93507 3
0 91820 -3587 1
-68350 0 -68531 1
70173 0 -65253 5
83538 -16630 0 3
-10501 -89975 0 7
0 -41875 -24302 3
56200 19809 63492 5
38961 -60034 31171 2
66986 86999 -57005 7
0 -50306 -99643 7
0 -98001 -62397 2
82481 17296 0 7
8019 60331 0 5
-86404 -34895 0 1
83956 -18639 0 4
-71292 42939 0 5
-95444 34095 0 1
83170 0 -59310 3
-80952 -1549 -19004 1
0 -39264 62211 5
0 -55137 28446 2
0 20415 -60332 3
55338 -695 48312 7
8596 -78880 -56685 3
-25124 0 -24060 6
93926 84988 0 8
-14948 0 42603 5
0 -46631 -37280 6
14098 0 43764 7
29547 -59093 70415 5
-88634 -49785 -43906 1
5516 -1140 0 1
-11759 4090 0 3
12480 0 47874 7
7621 -23991 6004 3
0 -65947 50890 5
36942 -92132 0 3
19649 -24627 0 7
29544 0 19076 5
-65078 0 78578 7
-55225 0 -80165 4
-74660 -64171 63432 3
0 -21086 46421 4
-98119 85552 0 4
2715 -55111 0 3
-98361 7719 0 1
-31592 88413 0 8
89910 13483 0 5
0 64561 -28664 4
29559 21155 0 1
-40778 -34536 -15005 5
-25557 -11856 0 6
46739 48483 -43450 6
63413 25886 0 3
-10491 0 30320 8
94180 0 5063 4
0 -24144 -87715 1
-16816 -7306 8461 5
0 52711 -60633 8
-66916 90555 0 2
52961 -56561 34259 5
-57061 95237 -18666 1
-36332 -19465 -68132 3
78079 -36025 53133 1
-41103 59710 0 6
42719 0 77278 6
0 88599 69744 2
72321 9821 -27677 1
0 -22129 76171 7
0 -32712 95354 1
0 88832 -32879 1
0 77570 26003 1
30646 0 -89875 1
18595 86020 -79929 1
-12619 -80361 71974 7
78732 32461 0 6
-26155 -1039 0 1
83401 0 50565 4
0 1224 -13962 1
56003 0 47070 4
3664 58932 -9568 7
-48849 51016 0 5
0 81079 -58259 4
57977 55804 0 7
49922 0 18360 1
-47377 -93143 -95763 3
-72572 60429 0 2
-98647 -54485 6593 6
85216 14011 0 7
0 1467 14692 7
19318 -18382 65958 2
0 5313 -17564 6
48521 25516 24583 4
-15270 0 59880 4
36743 39364 3855 1
45376 58039 39743 5
73223 -61192 0 5
-80198 0 -27444 7
54019 -90750 0 8
69337 -85005 60301 8
85712 -83486 -3206 8
77605 -20597 0 6
-43669 0 -13990 8
-77902 -62591 0 1
-24316 -46080 96686 4
68014 0 60619 5
0 -12192 -80734 6
0 46005 73590 1
0 21165 -45688 8
-63047 -66238 0 2
0 23956 -26279 1
36620 11581 97711 6
49605 0 19203 4
89200 0 -95387 1
24895 0 82656 6
0 42300 -17761 7
-62899 91609 0 7
-47652 0 -94803 3
0 94778 95284 1
-61702 97931 0 2
-51502 -97467 0 2
29468 -95888 4506 7
80580 -25981 -79146 1
27089 20049 31024 1
0 69858 -48236 1
-992 56254 -70678 4
47064 0 -53908 4
-22058 0 56134 8
14830 -28295 11646 2
70339 0 -45622 3
0 51036 41596 7
0 -30896 -54142 7
43936 0 45993 4
75377 76909 30964 5
-80787 91663 -95049 7
82373 -63873 0 8
0 34569 -33732 1
0 34962 -50305 5
34159 0 45963 2
9553 57650 0 1
34584 -11946 0 2
29656 89739 0 6
-49598 -41467 -41555 7
0 -4454 -90271 8
-64270 0 76893 7
90481 0 -39043 6
-18857 -88232 0 5
-14019 0 -56582 3
80799 -413 0 2
-26132 -5937 0 3
0 -16745 75363 8
-4905 -61702 0 4
51863 0 1210 2
24072 98070 0 6
1617 0 -30195 1
72147 -22211 0 7
-88233 26347 0 1
0 -11451 87809 5
-43352 0 -49231 3
0 -21047 -8762 3
-91589 -62422 -34757 7
-92290 0 95679 7
0 -10064 -30182 7
85570 0 -8691 7
27941 74277 0 4
-95568 0 -88308 5
0 -20841 45322 3
76630 0 89074 4
0 38393 -91315 8
0 -96259 47639 8
-89174 0 -26202 2
95233 0 47763 1
0 -72437 -80436 8
0 71501 1788 6
-4164 -81537 0 6
-35998 0 91814 3
-41408 0 -7860 2
-92602 59942 0 4
0 -36543 34224 3
54415 0 -43468 4
0 77076 -13608 2
18922 24247 0 6
-20437 54616 0 2
2105 17950 0 8
-27601 0 -40540 7
-47273 -76329 0 2
0 -62803 -54020 3
0 61287 -21459 6
-89092 -12560 46970 7
41272 -82541 0 3
70182 1913 19821 2
0 -83021 -44426 5
-36940 -11056 0 3
0 -27312 -24022 7
-73315 41948 -46614 5
5614 -89072 -50032 5
-1368 0 28892 5
67371 0 -50283 7
23085 -43371 0 6
0 58021 96326 7
94625 20814 0 4
94146 -54378 0 8
0 34662 56292 1
0 28747 29750 1
13971 -93192 0 4
0 -27591 44994 3
13547 0 -80286 6
-35788 -38645 4909 5
-30020 87388 0 5
-95016 -38854 0 8
0 -66393 -11720 1
-64049 -92548 0 6
79897 0 8257 7
5641 55823 27777 5
72953 0 90381 8
-76152 -24274 0 8
0 -78941 32568 5
-21240 -31615 38248 8
0 11289 42696 8
-14586 -91142 0 4
-93111 0 51509 3
-45617 -67157 0 7
-67581 -78156 38727 7
0 -10457 -60763 5
0 -97081 74830 7
-53190 -37778 0 4
-35404 -90314 -43813 2
84947 -18268 0 5
53374 -16980 0 2
-5968 -53177 0 8
42659 0 -64364 3
-23447 -14404 -99927 2
0 -9159 -36317 2
-16240 -30058 0 8
-56910 49179 0 6
-74054 27452 0 5
83373 -96272 -72633 7
13494 -3620 0 7
-15590 56597 0 1
0 -30255 44285 8
0 -73207 -49387 1
-90946 -88711 59308 6
