300 10
-42757 89206 0 10
-62317 0 92249 2
-70499 -59547 0 1
99971 -8505 0 4
70619 -69331 -74604 3
19099 -6706 0 4
-74121 0 2971 2
39089 -78443 0 4
9577 -39216 0 6
0 25760 29927 9
77582 49864 20531 2
-95009 0 87195 8
0 50327 -22278 8
41549 37433 -40427 9
0 -11235 20248 1
53860 47589 0 2
0 58756 -78849 8
14940 43368 0 10
46712 0 90150 10
-29931 -2314 0 1
-31104 0 27605 1
55944 92441 -17163 6
-79473 -81583 -4153 2
0 -9997 13368 6
73157 0 -37042 10
0 -84252 -53665 7
0 -15752 25927 6
0 -74962 1488 3
0 -46984 1525 5
-33435 -87584 -78419 7
30641 -30823 -69572 6
-23868 -32345 0 2
8249 -34863 43935 6
29814 -18804 87798 1
-92352 12481 0 10
-80571 -6960 0 10
7637 -79470 0 10
-52729 -30161 0 2
97009 -84643 62719 1
70978 41438 -73761 8
57737 35327 21162 10
73863 79811 0 6
-18472 -54661 47260 8
0 -87629 -64778 8
3908 -6857 0 7
-7568 84010 -18191 2
0 -13721 -20176 6
-59686 0 10999 2
0 61189 -80393 9
-58493 0 -89672 10
-23914 -10162 0 6
-40446 -50713 15212 2
39743 0 82175 4
84002 -30669 0 2
88215 -20415 0 2
-72888 83402 0 9
-67326 0 -71845 8
84336 -88227 0 3
-69066 -66802 0 9
31191 0 -35103 4
0 -24532 -81306 5
0 57059 -96986 4
-21145 85790 48959 9
0 85752 -41697 10
-60033 0 -73106 5
0 -5958 -48037 5
0 -20128 -71667 3
-58123 -43013 0 1
62407 -87324 0 9
-10842 56634 0 7
0 7209 22637 6
79587 646 0 5
26195 46706 75084 9
-5562 45746 -15233 10
-85288 -68650 23296 7
-146 49140 -21166 3
89052 -791 0 8
-10627 0 -85041 4
8026 38466 0 2
5016 23738 0 5
69552 74343 -76084 5
13333 0 44532 6
0 60696 39266 9
0 43947 -76317 4
0 51272 85233 7
-98573 97404 0 6
2265 -70913 0 7
12329 -26698 -22064 7
0 -1082 55809 4
-32345 -37717 -14898 10
0 82230 -5174 8
0 -49566 -83785 4
30054 70064 16353 6
31515 35161 0 2
26313 59797 0 7
0 94306 42465 10
51900 0 -16895 7
35004 -71874 0 9
0 -8307 -55882 5
0 55203 -95296 5
0 58181 -92394 3
-20628 0 -9773 7
99235 -15322 -78762 7
-40509 0 89189 3
-75373 -75565 0 4
98869 -69954 0 10
69637 -7090 0 6
0 85760 3950 9
-19946 62050 65141 8
-59611 -53967 0 7
87512 63954 75492 7
-7379 11692 34493 8
18201 -91396 -83814 9
0 -99914 89677 6
-62931 -2587 0 3
37546 0 -26412 10
-62773 -94918 96008 1
78639 27288 0 8
-54635 23662 0 2
-62360 -2391 -57203 6
-99896 42321 0 3
0 26505 85974 8
0 68616 -53380 4
77944 35043 -16801 6
-74810 0 82474 6
-71880 0 -38157 10
23228 -37555 26712 6
0 42942 -38620 8
66408 -14773 -80867 9
83182 -46154 0 1
35449 -54413 0 4
96355 64664 -52324 4
46155 70209 -10214 3
-18968 0 -20426 1
-86436 95007 0 5
2805 88614 -58893 4
-90616 -62370 -51600 2
0 -7654 -19991 10
5962 0 10947 4
0 42967 -47928 6
-40482 -71614 756 1
-84353 92978 67467 1
-22875 0 -84949 5
41778 0 -51829 3
-62650 -88132 -28796 1
-30022 59454 -86686 7
0 77765 44657 1
75827 66866 32274 3
80865 -7365 32446 2
60625 -68632 0 9
-12308 0 7279 4
-35290 0 11846 4
19902 11256 0 4
-42442 0 -73513 9
-94488 -10608 57478 1
58095 0 -14461 1
-48250 37088 0 10
26300 85384 86392 4
0 -14080 2388 4
15833 38012 -95763 10
0 -96575 8718 2
-59648 0 74412 3
82195 65895 -89052 7
0 -98791 46302 3
-30884 -19531 0 10
21099 -86018 -86840 5
-1968 24520 0 4
-28862 -41321 0 6
40000 -82727 -96507 9
51769 0 96503 7
54777 -10675 0 8
-8599 0 -36324 10
-21631 0 20077 9
81108 -11177 0 6
26812 -7530 89462 6
0 74511 16971 5
34790 -33607 0 5
0 -87168 843 6
0 46244 38934 9
54656 0 -31192 4
98335 39339 -31282 7
-89946 0 -90037 2
21955 -81452 -79051 7
75690 -75083 0 10
-93182 -87934 0 4
28124 51248 -96541 3
34506 47312 83568 1
-78104 -48065 -8186 3
-5204 54745 -36066 8
0 -72633 -20035 7
-9916 0 -62165 9
-92029 61916 55711 2
-78318 0 -76696 5
-78246 3140 59589 8
0 -85585 -97239 5
94521 17139 62954 8
-71006 4113 91832 3
44202 -59912 72147 4
0 -64104 -81707 5
0 -65154 -32187 3
50173 -16709 -18954 4
10627 48934 -44256 7
37911 47252 0 5
95724 43497 0 1
28211 -158 -70211 2
0 16398 -15061 3
34682 0 -6424 3
0 95171 92649 7
57940 -81636 0 8
64753 30725 -95149 4
4221 0 81852 5
0 -76015 -2588 3
0 84284 -36409 5
19477 0 4814 1
63220 -74376 0 8
55390 0 -94958 2
-1191 -81559 61908 5
-24865 0 -67151 1
36943 -3105 13057 9
0 -91315 -90661 8
66450 -24686 0 10
0 89561 -27061 10
12331 -39954 0 1
-67407 -63734 0 10
-69265 0 88065 10
-86127 -64472 18960 3
0 -75169 14139 8
0 34472 -8613 5
-69700 0 -84634 10
0 21862 -64172 6
37911 -24802 -20741 7
38186 -96393 59896 10
68921 0 50649 7
65266 0 62507 8
-3814 44464 0 7
12661 43041 -80656 2
-40587 0 32760 6
0 12817 -83047 10
0 -54954 68704 1
0 -11643 22445 3
0 -38038 -75606 8
22811 -59644 0 3
0 96615 69361 1
28670 -18408 0 1
0 59651 25589 2
50522 28811 0 4
0 -17567 83026 4
43990 0 -11597 3
-49906 0 12075 6
-3118 92214 4407 8
-52985 28586 0 5
0 -13009 -45729 9
-55089 -43411 32879 8
82509 67270 -83695 10
-74794 -50150 66050 2
0 -69051 69665 7
-99488 -83666 0 4
0 48264 -63017 8
31097 0 -7900 6
84207 0 -25282 10
0 -19044 -39328 1
0 26901 -29171 7
68754 20061 0 10
-19421 -22680 6674 9
59291 0 44791 10
84574 -62193 0 6
53995 0 55419 3
79209 -58795 -42028 5
0 -34312 5446 3
36656 -88827 0 6
0 51871 -43854 6
-77328 0 59183 6
0 73746 33649 2
0 -79523 -88511 8
94820 -55124 0 10
-32555 14889 35798 7
0 89943 -65032 7
-41432 78482 0 8
0 -40864 90158 2
29394 0 -7537 7
0 -24270 -67648 7
-98301 0 -72029 9
-92420 0 -78031 10
93401 -85229 0 3
0 -65713 -69973 9
21837 -19911 50644 4
-60351 49085 0 8
7215 48577 -41512 8
-24992 84561 -80353 9
21116 44303 0 7
0 -74957 42142 5
26510 -89356 -35313 7
-82756 0 -68835 6
-64530 -60182 14878 4
0 -92530 50114 10
-31630 0 89520 2
0 -25260 89960 9
0 25281 8614 10
0 -34240 -4404 8
0 -18401 49649 6
