300 6
0 66277 24860 5
0 7043 70528 6
0 39517 -16935 1
-43457 7654 0 4
-4919 -68413 -25991 1
0 -17769 29245 2
0 62199 -12357 3
73305 0 -93703 2
-99618 -69667 0 6
-51165 38649 84021 4
3079 0 66349 3
-29910 -4827 0 2
-14552 34586 -84209 4
0 -95466 31421 5
-78841 -7755 -19743 1
5889 -97799 0 2
-59048 0 68167 1
0 -60530 72054 1
52060 -36132 0 6
30141 50082 0 1
6947 83331 96668 6
-25270 0 -11433 2
-56944 33698 -57604 1
0 82770 -927 1
24629 0 51959 1
-47479 66790 0 5
-84878 0 46363 5
0 -35578 -45847 2
0 -93876 -73364 1
92272 0 -34944 2
23907 71244 48687 4
55932 0 -66869 4
32578 -78786 40437 5
0 -75861 2832 2
0 1825 97998 1
0 -69463 -97142 2
80232 47151 17257 6
-84636 23071 -98733 5
-955 0 -58884 2
0 -9439 36938 1
-25685 30770 0 1
-60341 -33169 0 3
0 -49052 21087 5
0 93677 44356 6
88619 0 -19879 3
0 84858 -90234 5
-36242 6314 0 1
92830 20532 0 1
-73963 0 -32322 6
0 -15873 -58399 6
0 -67381 -50799 2
-43092 -37417 0 2
59994 0 -93410 6
-17912 -23016 -10001 1
-22747 -8598 0 1
0 -96112 34772 2
0 -77217 -99230 5
-22187 0 -70179 5
-11120 0 -84910 1
95313 18345 0 5
0 -72142 57929 3
304 0 -5876 3
26844 0 -38682 1
-62450 0 -5109 1
65550 -95994 0 3
0 -37875 81431 4
40392 40225 -33778 6
-14707 -66345 -5864 1
0 -93846 -44000 6
-39595 -78662 0 3
3276 0 -88389 2
-74784 0 35129 4
-46610 33775 45077 3
0 -49732 84966 3
-43961 -78169 -59054 2
-25717 -95194 -91941 2
45271 53863 -32577 5
0 -6648 -28231 6
-93913 -47834 0 2
37456 -76430 0 5
0 29344 -67866 2
-654 18693 72381 1
97316 99562 -83099 2
78493 -30471 519 2
0 55248 64333 5
0 -18755 48900 3
10191 57000 0 4
6352 30445 0 3
-76640 0 -94863 1
37648 -58347 -8516 4
-45352 0 4403 4
-41523 7262 0 2
3162 75516 71783 3
63097 -20890 0 3
27004 -14341 0 4
0 -2951 25425 2
0 4747 26547 1
0 -74017 -38802 4
0 6798 96212 2
89569 -48543 0 4
-82909 -49776 0 2
-5699 0 -74046 3
0 16472 87902 5
0 -75152 -83518 5
-20364 -81189 -86238 1
13607 -37975 0 1
93300 42993 77004 1
75786 -98389 73932 4
0 -68116 -1471 6
-70193 0 25395 6
-91991 0 35199 3
18858 68625 -24296 3
20867 -10890 48222 3
0 -96895 90087 1
-44912 0 -73671 4
80043 0 5954 5
-45255 -11593 0 3
-33887 0 -15188 4
-38534 37132 0 3
-47298 45946 0 1
-68483 0 -58227 2
0 -46701 86158 4
22672 63345 -14022 4
-44807 -61407 0 3
0 -3957 7665 5
-5501 0 -32882 6
-69040 0 -33305 1
0 -47689 46469 2
-25492 0 -53957 4
-16716 0 -41405 6
-19790 0 -71601 2
21687 -68170 0 5
-33428 -42038 0 4
80635 56118 0 6
-39518 0 -75080 4
0 65022 44499 5
56684 57694 0 1
0 18689 -38853 1
-9249 0 -83448 4
-20562 0 74517 1
6023 -88182 0 6
-71989 -28841 -56801 2
91339 0 38567 4
10059 15461 0 6
0 20108 -67575 5
47177 23235 0 4
14650 0 -93274 1
-5827 85751 0 3
12227 -4372 0 5
-27298 0 24775 6
13482 -39848 0 2
-68446 73131 0 5
-15753 -42238 -93766 4
92425 0 33485 1
-22413 99474 -772 1
0 -79035 -80725 3
0 33983 84164 2
0 18595 49760 3
35773 -45642 0 1
26557 -74136 0 6
-8401 34708 37295 5
11745 -87748 0 5
-68278 0 -37489 2
0 32822 50123 5
-76142 -29761 -96089 6
0 17962 21447 5
-33898 80050 0 6
-55022 -7765 0 3
0 -14936 56448 5
-50278 -74430 -79893 6
-86474 -18696 -2794 2
-87371 -61250 -2568 2
0 -66630 83904 5
94699 -70763 90240 3
12445 0 -56290 3
0 98173 86074 3
88897 -25367 0 3
-56242 7710 -52477 3
98609 -53295 -46661 5
17261 -19305 70166 2
62371 -39138 68470 4
-74462 0 -95277 5
-6224 0 -74718 5
0 75044 -7898 6
-81736 0 17885 6
34739 0 -73512 3
0 44272 -19851 2
-4858 0 50523 2
72934 0 1828 4
0 -20535 -38327 6
0 82981 36895 1
-96452 -40912 -5421 3
0 -45350 -53349 3
0 71609 27790 2
74852 0 97832 3
-89463 79240 0 4
-87835 -48451 76323 6
-44453 -55067 81103 6
9930 0 66484 5
96213 20745 60453 5
-77765 -56945 0 3
-18311 0 -46575 5
-10432 -2812 0 1
-46629 34170 -81041 3
6726 25357 0 5
39861 0 -56581 1
60291 -30708 -53417 5
-4421 92990 0 2
-27241 0 28885 2
11422 0 58583 1
29317 -72840 0 1
0 52606 -46639 1
-510 36368 46530 4
-76808 -49215 0 4
-81132 -58288 0 1
0 27935 46777 3
-14083 0 -1470 2
73939 90587 0 3
-526 -12586 0 4
42998 -71254 -99418 5
0 -29617 -89071 1
-7638 77633 0 2
0 66569 -99888 6
0 -35428 -68307 6
-91069 0 -99637 1
67392 0 57268 1
-23811 -54072 0 3
91684 18986 59554 3
-4599 -26402 0 6
0 85830 -60606 5
17155 0 31951 2
-55578 -79936 72785 1
45581 0 -66082 6
0 -4117 -65485 4
-12883 26597 0 3
66384 -5721 45257 5
-19953 -62032 0 5
52420 -60560 -54645 2
0 -49315 48454 3
-23317 -82207 0 4
74596 0 55052 4
23621 92815 -61437 5
70718 57996 0 5
-47802 0 -3085 6
0 42773 10541 6
16796 -83202 0 1
0 29486 92994 3
86096 -12446 48736 3
-89769 -28655 0 6
-97391 64203 90683 3
0 90668 -33732 4
-34143 0 74412 3
-81766 32613 -34571 6
-35991 52595 56818 4
0 -7854 45789 2
-31115 27290 0 1
0 82583 61987 3
62208 -90655 0 4
12939 15976 0 5
0 75211 -11525 3
0 95681 15922 4
52433 -54217 97440 2
33990 -25090 14286 2
-22028 80145 0 6
0 92188 79031 4
0 77650 -41216 2
63243 -60094 0 5
61861 -75906 0 4
83723 0 24790 5
0 6526 -21272 4
0 -60863 95311 3
-96409 -5433 0 6
-62332 -56691 -15101 5
-42335 76958 -29170 4
77661 0 -37170 5
-44809 0 13990 3
-83044 0 60707 2
91876 0 90881 6
-68488 75559 91907 1
31478 0 -21658 4
-76952 -84234 -25301 3
0 -93783 -26546 2
0 64243 -31894 1
12896 16681 64790 4
0 39164 78073 6
-85524 31156 92181 6
15035 -59996 62010 6
-93348 0 81645 5
-93627 9769 0 6
0 99847 -5845 1
0 54880 -43785 5
0 -21870 -86467 1
0 69661 31612 6
-93304 -90852 15183 1
80720 95390 -44996 2
0 93074 -4561 6
-86618 -62486 0 1
-75215 0 -48176 1
9466 -33771 0 6
63412 -15127 0 1
