300 300
21047 12054 8025 28
-79508 -71011 -41012 289
66663 -98340 53830 254
4930 42918 -13214 128
-21517 96270 39754 290
20766 7564 -95653 198
-16840 -26208 -88237 241
25095 24647 -57051 140
27912 -89366 31098 237
82940 78003 67783 78
-45239 34378 -48844 245
-25204 13606 89321 53
97438 42160 -25233 235
-62874 -35524 -27493 32
31600 52810 98239 148
24577 -85447 -42680 293
-83146 48792 -86848 182
87387 -81592 -121 68
25346 12467 69165 221
-56452 29624 58130 206
94632 -6626 -54539 263
-7262 35549 -36398 253
49110 -61499 -17456 116
-33699 50368 95555 51
77473 53553 65935 36
98782 27488 64547 181
54551 -19228 59113 112
-80049 46118 36213 94
4910 -23197 -92937 18
-7688 65914 -22795 189
17942 66887 -99067 218
-33653 53913 -27343 258
86988 -73423 98256 158
-8146 47155 -44842 291
69802 -54020 4685 78
-87949 -96711 6698 123
-29320 -30521 37432 70
-97391 47223 -3961 94
78217 73158 -94534 109
-94808 -98160 16398 82
-75397 -10860 -55578 214
-85300 47463 -23750 282
-59054 -50328 86764 277
45777 -16639 27584 272
65073 11823 72609 110
75331 86525 34718 282
-68547 -73866 -58883 236
14673 73077 -87650 41
18082 65998 89876 127
-40060 -88087 9988 49
5738 7781 67267 257
-75691 -42231 -54355 181
-69511 29798 53541 189
87123 -232 8247 207
-68708 58280 -96131 151
83094 -53910 -55552 141
14572 70807 -14784 267
51709 18978 58485 266
-68609 -70878 -85514 88
69918 -73711 64511 249
54685 -14041 76107 141
-59553 3257 75842 116
62898 18551 73748 251
86366 63653 4245 10
98737 77195 4198 135
50287 6762 34599 177
-44005 -30389 -74061 70
22756 89029 -7901 142
-73297 41306 85623 11
-45170 89023 -82712 130
74245 -56467 -57852 266
-86968 27101 65925 93
27164 62383 65218 4
80045 78483 -23266 10
-83207 85054 -50708 132
-19917 -98854 88818 266
-91712 -90444 -42625 191
11666 56568 97378 288
-69698 33619 -2093 206
-23244 89727 -73527 102
-21054 42981 -74593 213
-17050 17965 -31740 211
40629 -99521 -82249 59
-44450 45135 24057 251
-99084 40692 43800 113
86395 -74900 62104 201
27244 7539 85975 26
-30619 -42814 62569 129
-83302 10996 11861 138
45002 -20436 84866 184
-53229 74039 -60245 32
85664 86209 68638 219
-42339 -38812 -9128 195
55790 -25360 35928 159
45577 17213 -64833 148
-83204 41163 -62294 148
6871 888 -57955 138
-36099 -27000 46514 241
66531 -78646 88600 179
26134 -62854 95511 114
29369 34028 -10372 5
4260 -3878 -20565 108
42672 67811 -66985 13
-50963 -74024 -5363 178
95498 3285 40265 97
-70075 -44905 -14534 83
-5947 58725 32080 250
-7164 -20174 -99484 278
69982 12393 -90897 49
22054 -95011 11648 239
-28663 82211 71377 64
78221 -66370 77322 234
14681 -74748 65080 71
-19358 -24075 -80171 93
81886 62939 98740 83
-78261 70553 -43076 65
52307 -33312 -74632 54
-67711 -97286 48706 91
-80342 88762 -57506 202
-99763 51911 -6651 84
-59602 -82762 -84423 268
-93116 4987 -37035 2
-76298 -14598 -23846 50
-88776 -43536 -31185 18
72424 63447 -34585 206
52942 80899 61031 267
-29354 -70938 39091 233
-16098 25425 13567 112
12148 -26971 74370 129
-95544 -51873 -49984 262
67916 -56298 -77467 233
-48968 -93866 57605 164
14776 -36348 43507 6
62028 -32876 -58500 145
-60713 -94617 -94572 147
-7391 -92425 -81180 176
40728 15962 -92306 244
-39741 -65097 6243 13
-27600 -33656 -33690 140
52846 19444 -12694 260
-75767 94563 -69819 141
4706 16605 -70148 65
-72773 4093 -80453 162
53362 48698 56110 283
-46004 -24607 90169 120
-65961 45061 64598 16
-80197 -80071 -81060 256
70472 -36354 41207 20
49036 -57652 -57415 229
60737 67539 -20430 104
-13086 34290 -13432 111
40222 -70882 -84655 242
-93178 99502 -3696 193
-73048 9117 -33781 210
3834 91984 -5547 226
-96904 -1222 63639 238
76748 -26332 -44084 278
28671 -91817 -87914 69
-73004 -46260 38627 144
4282 54487 -5024 27
-31031 88006 91285 15
-83615 82313 1434 210
84165 48597 63888 249
50664 22465 35924 140
-25720 -43556 74555 52
23714 -21933 10701 133
36393 -94970 9672 22
28661 5376 81523 147
64278 -14088 44102 226
-16077 -17624 -23851 130
-32822 55580 65439 107
95566 33693 42418 224
-83989 -83008 83408 257
-2328 -18945 42006 36
-34887 18757 -99736 124
-35680 -52258 91183 233
53084 47619 24519 256
-60332 55778 -74717 82
-49156 -45712 15929 289
68738 -44809 7837 3
-28715 77229 -31581 1
-70654 -63528 -31749 45
-45687 -92941 37279 22
99892 -5331 -28024 131
-28120 73579 47368 33
-6318 -85607 -87788 20
-32108 -17628 4838 155
-838 -82686 -59054 116
70849 50446 87347 17
80276 -26757 54155 48
22836 64244 63328 108
64238 -69421 -55197 185
-64577 81418 -3026 194
41452 51642 -76810 248
69798 -80052 -33791 264
-97445 -54938 81792 260
-82851 57338 -47198 162
-11482 -27520 84756 32
19211 -17737 -62233 260
46048 -62689 98481 176
-83937 -94947 -41293 289
-98374 69072 25991 101
31370 12820 8983 299
-20341 -72417 550 73
48139 -14081 15551 31
94225 -55100 50161 266
28900 -65756 -24503 24
-48070 -86636 97151 179
12863 40119 98668 116
-75643 2004 25439 300
-1100 39809 -65166 253
85398 -83311 -49910 261
-66083 -5328 47072 129
54975 -1019 -52270 107
-76521 86345 17173 267
-39752 58341 18018 92
30502 -52816 60542 84
25213 -75417 -77698 232
-83229 -29884 -20646 292
-84780 12075 35473 29
98873 88515 53379 192
-28084 -87377 97025 63
3077 -32986 93493 175
88848 -14456 9869 24
-58484 -5920 -69231 210
-53328 48803 25238 6
-3748 13302 89371 152
64625 37757 14985 152
64215 -60210 16554 187
69605 -58942 -27342 175
14647 54460 -4556 182
-25786 -21663 -13812 163
-86007 -51836 -92716 74
91417 38782 32605 8
-78009 -88204 86894 182
-69570 23562 82473 153
-88782 64279 -26590 290
90461 94480 -2644 3
-62381 -17223 -36247 219
-93131 33271 -6314 139
-5797 -44636 -53657 28
48250 95799 -49576 150
-11188 87076 83526 75
20110 37948 -71363 45
-21929 -35261 -70523 112
11295 -50810 15497 197
4672 -58335 -18783 217
-59888 2117 -99365 43
-33934 -13910 -19481 258
-32355 -91234 -46930 58
4018 24899 -44306 115
89899 11712 62806 40
-71182 87969 -65193 133
-20464 94837 -16274 47
-54763 87705 95325 94
-12776 588 -66323 200
-5244 65826 -4225 214
-25740 -17700 -77784 235
5476 -16847 -64034 11
-19728 75744 -41182 155
-72898 77030 54313 251
-68714 56258 41550 224
-73008 -34298 84962 240
-57029 38998 10933 244
24366 88292 65503 247
12693 14840 83365 67
-30012 -81017 -87931 277
27704 89199 7501 222
87985 -82303 -98279 9
25770 13397 83046 265
-72627 58010 11202 278
-31802 25642 20583 33
88572 96608 -44907 241
-92162 -26304 -22501 18
-13243 -92589 17301 189
33061 -71695 -25900 63
89436 21641 95508 18
-36624 92886 88989 100
-77954 -17662 59441 124
19819 -22363 -23866 259
67158 402 66538 12
25448 7966 -41460 226
15340 -78087 -48770 240
7734 38175 -94669 9
9549 -92352 7262 200
-63930 90114 36820 212
-66064 -57311 98201 274
-6517 -9837 80963 115
96483 97030 -13938 122
-74189 -34674 51630 108
-6967 -18445 -96258 50
-25390 32795 722 206
-44368 -68216 -18199 225
35204 88364 -74021 186
54701 62280 92108 112
-65936 -35512 83767 237
65069 -21456 4957 65
77466 -48042 -77013 128
-66833 -96091 -70939 159
-77987 -1211 -25975 252
