1000
377 1
491 2
644 1
246 2
879 1
535 1
396 1
414 1
218 2
556 2
681 1
884 1
77 2
437 1
655 2
68 1
439 2
633 2
211 2
601 1
757 1
928 2
551 2
300 2
368 1
422 2
717 1
200 1
656 2
686 1
710 1
98 1
877 2
713 2
140 2
247 1
626 1
113 1
497 1
483 1
998 1
778 2
802 2
292 2
907 2
932 1
704 2
141 2
362 1
428 1
628 1
311 1
686 2
450 2
207 2
668 1
74 2
641 2
504 2
473 1
646 2
475 1
766 2
796 2
694 2
485 1
555 2
940 1
210 1
966 1
992 2
851 1
328 2
502 2
485 2
114 2
281 1
643 1
198 1
747 2
225 2
115 2
952 2
70 2
487 1
623 2
886 1
301 2
48 1
310 1
705 1
865 2
439 1
727 2
457 1
841 1
724 2
50 2
182 1
311 2
794 1
894 1
461 1
681 2
619 1
963 2
604 2
443 2
357 1
83 1
994 1
477 1
342 1
382 1
924 1
235 2
519 2
912 2
553 1
923 2
9 1
370 2
685 2
433 2
494 2
484 1
737 1
978 1
97 1
673 1
462 2
82 2
801 1
718 1
857 2
35 1
308 1
331 2
191 1
731 1
299 2
206 1
611 2
985 1
234 2
223 2
557 1
5 1
698 2
227 2
201 2
747 1
834 2
361 1
820 2
667 2
28 1
731 2
157 2
132 1
600 1
540 2
4 1
949 1
427 2
578 2
595 2
95 2
22 2
436 2
134 1
460 1
957 2
599 2
131 1
348 2
562 2
541 2
95 1
592 1
162 1
814 1
881 1
499 1
914 2
75 1
351 2
826 2
504 1
268 1
295 1
696 2
551 1
889 2
796 1
478 2
663 2
409 2
75 2
429 2
445 2
885 1
58 1
138 1
59 2
986 2
725 2
585 2
724 1
661 2
648 2
999 2
836 1
366 1
500 1
92 1
778 1
849 2
460 2
441 2
285 1
950 2
284 1
47 2
730 1
917 2
789 1
837 1
635 1
819 1
603 1
761 2
911 2
487 2
149 1
529 1
473 2
426 1
320 1
522 2
462 1
697 1
575 2
962 1
455 2
238 1
525 1
850 1
700 2
588 2
142 1
576 2
967 1
614 1
513 2
674 1
365 2
244 1
444 2
48 2
69 2
919 2
438 1
715 2
481 1
265 1
193 1
748 2
152 2
846 1
550 1
544 2
305 1
799 1
386 2
741 2
868 2
554 1
494 1
19 2
677 2
643 2
983 1
532 1
679 1
155 2
74 1
490 2
272 1
782 1
874 1
297 1
876 1
736 2
569 2
232 1
777 2
360 1
390 2
859 1
86 2
53 2
896 1
188 2
294 1
392 1
790 1
418 2
748 1
903 2
170 2
581 2
680 1
610 2
561 2
11 1
150 1
685 1
357 2
559 2
358 1
137 2
912 1
947 1
402 1
171 1
219 2
589 1
203 1
575 1
15 2
648 1
62 1
699 2
9 2
970 1
627 1
708 2
636 1
72 2
340 2
786 1
622 2
255 2
620 1
333 1
791 1
435 2
213 2
618 2
664 1
926 1
91 1
797 2
695 2
340 1
55 2
456 2
277 1
142 2
961 2
387 1
109 1
539 2
252 2
376 2
531 2
892 1
109 2
353 1
564 2
741 1
455 1
666 2
378 1
875 1
356 2
123 1
840 1
795 1
880 1
610 1
827 1
539 1
517 1
837 2
225 1
758 2
763 2
825 2
127 1
36 2
931 1
463 2
186 1
844 1
472 2
660 2
308 2
365 1
81 2
624 1
689 2
397 1
527 2
527 1
739 1
559 1
804 2
364 2
261 2
477 2
421 1
689 1
476 2
956 1
190 2
12 2
34 2
956 2
995 1
941 2
839 2
425 1
343 2
101 1
328 1
854 1
432 2
927 1
746 1
549 2
457 2
195 2
828 1
530 2
606 1
230 2
515 1
132 2
968 2
242 1
49 1
682 2
785 1
583 2
425 2
458 2
87 1
904 2
771 2
942 2
369 1
906 1
503 2
249 2
129 1
493 2
909 1
375 2
781 1
733 2
508 2
939 1
925 2
873 2
683 2
744 1
335 1
728 2
857 1
2 2
540 1
122 1
217 2
850 2
822 1
549 1
52 1
263 2
408 1
691 2
431 1
42 1
851 2
876 2
905 2
739 2
474 2
192 1
393 1
936 1
994 2
64 1
733 1
194 2
792 1
571 2
185 1
31 2
624 2
466 1
282 1
252 1
96 2
283 1
315 2
43 2
118 2
40 2
767 2
751 1
916 2
330 1
840 2
364 1
654 1
139 1
27 1
860 2
145 1
28 2
889 1
479 1
898 2
164 1
103 1
990 2
988 2
780 2
436 1
943 1
358 2
823 2
553 2
388 1
806 1
441 1
776 2
969 2
79 2
596 2
213 1
40 1
78 2
275 2
402 2
131 2
336 2
224 2
877 1
984 2
220 1
713 1
692 2
902 2
497 2
813 2
532 2
703 1
384 1
855 2
239 2
329 1
523 2
372 1
991 1
528 2
67 2
521 1
670 2
542 2
452 1
86 1
49 2
8 1
280 1
813 1
893 2
964 2
639 1
626 2
426 2
640 1
915 2
799 2
325 2
580 1
248 2
189 2
287 1
223 1
114 1
730 2
153 2
587 1
166 1
282 2
291 1
811 1
10 1
884 2
566 2
607 1
196 1
289 1
246 1
41 2
221 2
232 2
826 1
406 2
924 2
146 2
237 2
100 1
530 1
104 2
883 1
66 2
645 2
273 1
863 2
872 1
560 1
419 1
809 1
89 1
124 2
240 2
120 1
447 2
230 1
222 2
44 2
116 2
652 1
742 2
965 1
382 2
798 2
839 1
2 1
507 2
915 1
546 1
346 2
832 2
875 2
313 2
372 2
858 2
621 1
118 1
323 1
51 1
520 1
639 2
798 1
647 2
383 1
327 1
908 1
852 2
380 1
318 1
411 2
505 2
158 1
562 1
169 2
347 1
892 2
46 1
177 2
172 2
344 2
674 2
635 2
231 2
72 1
381 1
600 2
401 2
470 2
605 1
284 2
400 1
367 2
350 2
883 2
863 1
327 2
845 1
408 2
181 2
127 2
656 1
60 2
347 2
807 2
175 1
952 1
448 1
289 2
743 2
642 2
151 1
201 1
818 1
921 1
395 1
8 2
554 2
880 2
753 2
658 2
852 1
805 1
662 1
253 1
39 2
344 1
829 2
913 2
547 2
818 2
921 2
482 2
153 1
900 1
265 2
662 2
398 1
380 2
680 2
300 1
830 2
144 2
929 1
250 2
719 1
971 2
403 2
116 1
81 1
475 2
17 2
517 2
42 2
385 2
959 1
887 2
932 2
304 2
760 2
636 2
399 2
190 1
529 2
165 2
928 1
645 1
602 2
752 1
651 1
226 2
762 1
838 1
782 2
933 2
668 2
493 1
758 1
503 1
922 2
180 2
846 2
862 1
45 1
136 1
513 1
429 1
509 2
138 2
825 1
312 1
918 1
410 1
709 1
951 1
228 1
483 2
19 1
54 1
254 2
471 2
170 1
957 1
83 2
150 2
678 2
420 2
506 1
738 2
602 1
434 1
634 2
716 2
878 2
654 2
790 2
831 1
783 2
378 2
63 1
47 1
424 2
188 1
948 1
270 2
162 2
708 1
233 1
835 1
644 2
989 1
52 2
352 1
221 1
117 1
675 1
937 2
972 1
359 1
1 1
413 2
281 2
257 2
156 2
290 1
110 1
887 1
762 2
603 2
211 1
904 1
396 2
377 2
707 2
536 2
632 1
516 1
522 1
101 2
703 2
1000 2
62 2
794 2
112 2
616 1
11 2
867 1
159 2
235 1
864 2
649 1
442 2
623 1
738 1
550 2
977 2
71 2
676 1
717 2
121 2
276 1
987 2
334 2
772 2
254 1
412 1
73 1
177 1
298 2
120 2
720 2
789 2
369 2
274 2
941 1
363 1
381 2
834 1
919 1
785 2
775 1
46 2
353 2
420 1
456 1
68 2
810 1
593 1
618 1
469 2
335 2
291 2
231 1
298 1
615 1
764 2
409 1
881 2
394 2
933 1
690 1
726 1
387 2
946 2
435 1
385 1
819 2
803 2
313 1
115 1
797 1
193 2
320 2
980 1
140 1
976 1
397 2
345 1
657 2
1 2
890 1
572 1
50 1
609 2
392 2
563 2
156 1
454 2
710 2
984 1
60 1
975 1
841 2
379 2
25 2
518 1
508 1
548 1
882 1
534 1
891 2
14 1
901 1
693 2
625 1
888 1
76 2
512 1
638 2
61 2
102 2
558 2
215 2
203 2
33 1
34 1
165 1
91 2
182 2
474 1
124 1
521 2
593 2
472 1
90 2
787 1
107 1
552 2
176 2
606 2
88 2
709 2
277 2
360 2
835 2
651 2
663 1
671 1
695 1
21 1
163 2
375 1
590 1
432 1
448 2
596 1
514 2
239 1
249 1
111 2
76 1
99 1
753 1
84 1
735 2
316 2
293 2
38 1
611 1
266 1
761 1
121 1
995 2
29 1
579 1
179 2
198 2
446 1
617 1
916 1
470 1
772 1
617 2
214 1
720 1
205 1
389 1
804 1
481 2
471 1
923 1
273 2
970 2
699 1
728 1
157 1
722 1
821 2
630 2
967 2
721 1
567 2
125 2
991 2
524 1
172 1
64 2
16 2
523 1
973 1
233 2
295 2
922 1
401 1
469 1
269 2
958 1
374 2
816 1
586 2
843 2
997 1
768 2
676 2
200 2
271 2
417 1
318 2
930 2
6 2
433 1
373 2
564 1
750 2
209 2
983 2
546 2
202 1
51 2
760 1
982 2
954 1
319 1
106 1
661 1
601 2
130 2
332 1
827 2
271 1
526 1
890 2
430 2
808 1
58 2
871 2
299 1
691 1
779 1
725 1
934 2
5 2
421 2
871 1
958 2
608 1
653 1
390 1
57 2
582 1
23 2
885 2
809 2
545 1
427 1
296 2
488 2
584 2
104 1
993 2
129 2
219 1
870 1
338 1
931 2
788 1
763 1
598 1
107 2
187 2
451 1
855 1
266 2
24 2
37 2
261 1
307 2
822 2
23 1
306 1
858 1
976 2
939 2
548 2
870 2
714 2
112 1
634 1
38 2
272 2
330 2
853 2
395 2
41 1
440 2
65 1
669 1
178 2
57 1
158 2
938 2
10 2
543 1
505 1
100 2
966 2
660 1
355 1
640 2
509 1
97 2
245 1
568 1
959 2
184 1
77 1
935 2
590 2
363 2
783 1
199 2
688 1
780 1
21 2
658 1
788 2
736 1
398 2
163 1
226 1
679 2
268 2
486 1
830 1
704 1
712 1
520 2
161 1
85 2
147 1
87 2
810 2
801 2
905 1
323 2
245 2
963 1
565 1
981 1
574 1
557 2
22 1
267 1
836 2
296 1
950 1
545 2
168 1
161 2
29 2
359 2
910 1
500 2
126 1
749 2
510 2
459 2
525 2
515 2
287 2
449 2
480 2
894 2
587 2
501 1
434 2
16 1
446 2
183 2
541 1
913 1
897 2
234 1
350 1
869 2
980 2
180 1
998 2
906 2
765 2
868 1
495 2
145 2
238 2
899 2
373 1
416 2
391 2
793 2
969 1
989 2
845 2
920 1
743 1
838 2
7 2
792 2
317 1
511 1
512 2
735 1
168 2
675 2
333 2
80 1
496 2
278 1
746 2
637 1
480 1
860 1
914 1
30 1
85 1
754 1
688 2
498 1
555 1
547 1
267 2
386 1
953 1
687 2
891 1
215 1
181 1
341 2
307 1
615 2
467 2
729 2
257 1
13 2
96 1
264 1
749 1
535 2
125 1
642 1
431 2
423 1
604 1
650 2
856 2
260 1
55 1
867 2
329 2
411 1
985 2
895 2
759 2
458 1
795 2
143 2
740 2
236 1
229 1
773 2
113 2
815 2
638 1
388 2
751 2
141 1
960 1
882 2
531 1
69 1
848 1
865 1
241 2
999 1
84 2
803 1
566 1
949 2
195 1
343 1
619 2
573 1
784 1
576 1
962 2
768 1
536 1
189 1
27 2
286 2
896 2
126 2
173 1
32 1
314 1
899 1
453 1
400 2
533 2
183 1
459 1
552 1
996 1
346 1
306 2
781 2
264 2
111 1
415 2
35 2
321 2
414 2
167 2
652 2
185 2
665 2
911 1
583 1
103 2
137 1
800 1
945 1
210 2
220 2
391 1
586 1
406 1
437 2
302 2
445 1
94 2
848 2
464 2
356 1
1000 1
279 2
671 2
122 2
591 2
942 1
167 1
655 1
698 1
199 1
216 1
88 1
620 2
744 2
108 1
338 2
389 2
844 2
61 1
791 2
996 2
628 2
152 1
537 1
204 1
447 1
482 1
599 1
605 2
13 1
833 1
706 1
228 2
99 2
334 1
280 2
237 1
701 2
18 1
102 1
561 1
968 1
608 2
631 1
828 2
468 2
148 2
18 2
32 2
945 2
964 1
684 1
368 2
755 1
256 2
779 2
117 2
6 1
275 1
701 1
260 2
178 1
79 1
317 2
316 1
756 2
310 2
258 1
379 1
464 1
371 1
422 1
139 2
204 2
874 2
202 2
678 1
920 2
466 2
207 1
67 1
384 2
955 1
706 2
351 1
925 1
705 2
361 2
929 2
90 1
621 2
726 2
908 2
149 2
206 2
288 1
59 1
407 2
771 1
179 1
990 1
133 1
259 1
501 2
12 1
65 2
666 1
854 2
208 2
498 2
332 2
4 2
683 1
20 1
326 2
250 1
712 2
581 1
767 1
39 1
489 1
31 1
476 1
222 1
415 1
45 2
659 1
305 2
988 1
325 1
935 1
625 2
130 1
25 1
585 1
191 2
973 2
164 2
975 2
869 1
134 2
943 2
982 1
528 1
806 2
776 1
276 2
171 2
518 2
861 2
194 1
897 1
355 2
910 2
677 1
974 1
3 2
442 1
574 2
26 2
538 2
612 2
286 1
584 1
930 1
93 2
63 2
859 2
110 2
597 2
197 2
953 2
345 2
861 1
507 1
843 1
174 2
533 1
847 2
93 1
866 1
594 2
946 1
544 1
216 2
571 1
154 2
832 1
563 1
491 1
348 1
833 2
657 1
948 2
166 2
692 1
886 2
214 2
428 2
862 2
452 2
105 1
143 1
592 2
534 2
440 1
465 2
537 2
331 1
960 2
405 2
465 1
627 2
349 1
374 1
270 1
630 1
253 2
263 1
831 2
419 2
303 2
694 1
24 1
26 1
151 2
577 2
981 2
98 2
909 2
938 1
15 1
936 2
128 1
133 2
314 2
492 1
224 1
807 1
649 2
169 1
715 1
339 2
641 1
321 1
718 2
898 1
218 1
765 1
864 1
901 2
670 1
754 2
37 1
326 1
570 2
506 2
903 1
184 2
607 2
30 2
461 2
486 2
917 1
815 1
732 1
580 2
510 1
637 2
262 2
847 1
951 2
205 2
609 1
940 2
849 1
288 2
947 2
376 1
622 1
136 2
702 1
14 2
146 1
349 2
987 1
413 1
613 1
383 2
78 1
403 1
227 1
324 2
148 1
631 2
423 2
961 1
811 2
934 1
937 1
632 2
33 2
454 1
417 2
598 2
7 1
394 1
488 1
174 1
312 2
812 1
82 1
496 1
337 1
560 2
212 1
650 1
696 1
135 2
682 1
582 2
755 2
723 1
44 1
478 1
853 1
873 1
802 1
229 2
817 2
292 1
573 2
159 1
992 1
36 1
842 2
667 1
468 1
817 1
647 1
672 1
613 2
56 1
336 1
236 2
732 2
565 2
53 1
805 2
309 2
629 1
315 1
73 2
979 1
597 1
697 2
526 2
808 2
579 2
80 2
616 2
243 2
693 1
119 2
514 1
337 2
416 1
821 1
302 1
814 2
370 1
187 1
702 2
410 2
665 1
43 1
646 1
770 1
793 1
866 2
594 1
775 2
700 1
669 2
773 1
467 1
492 2
274 1
495 1
309 1
672 2
489 2
285 2
974 2
119 1
893 1
750 1
301 1
723 2
816 2
664 2
242 2
502 1
283 2
567 1
66 1
824 1
212 2
774 1
262 1
734 2
89 2
155 1
341 1
362 2
105 2
154 1
339 1
900 2
192 2
944 1
727 1
716 1
135 1
977 1
217 1
572 2
568 2
278 2
354 1
829 1
745 1
842 1
342 2
251 2
578 1
756 1
588 1
123 2
94 1
256 1
659 2
240 1
538 1
971 1
774 2
591 1
569 1
734 1
255 1
721 2
824 2
711 1
888 2
424 1
519 1
820 1
524 2
405 1
972 2
577 1
927 2
484 2
926 2
612 1
714 1
737 2
412 2
449 1
784 2
786 2
684 2
653 2
690 2
978 2
354 2
757 2
147 2
259 2
742 1
856 1
986 1
965 2
759 1
558 1
993 1
707 1
687 1
769 1
740 1
322 1
777 1
108 2
128 2
303 1
106 2
918 2
294 2
511 2
490 1
451 2
197 1
823 1
516 2
407 1
175 2
450 1
293 1
629 2
944 2
879 2
248 1
542 1
752 2
955 2
719 2
954 2
453 2
54 2
729 1
722 2
367 1
443 1
209 1
251 1
764 1
208 1
56 2
352 2
371 2
570 1
872 2
979 2
241 1
711 2
812 2
770 2
800 2
766 1
70 1
543 2
17 1
444 1
997 2
279 1
902 1
244 2
430 1
499 2
589 2
438 2
160 1
20 2
769 2
393 2
745 2
319 2
907 1
3 1
186 2
633 1
673 2
173 2
258 2
614 2
243 1
196 2
304 1
878 1
479 2
895 1
463 1
160 2
595 1
92 2
399 1
324 1
418 1
297 2
71 1
290 2
556 1
404 1
322 2
787 2
144 1
176 1
404 2
269 1
247 2
366 2
