300 3
-68965 62202 27002 3
53657 -38036 -9616 1
-36731 21763 -41942 1
51397 -80761 81311 1
58322 13156 40890 3
25132 65300 65307 3
23883 43200 87663 2
97239 40731 -15305 2
23635 -38952 -18170 2
49653 -29064 -9921 2
23754 -11253 65760 2
40880 96417 -24766 2
85189 -96255 -42042 2
-29696 50135 54248 2
1101 -6534 -64637 1
16479 2556 31931 2
75287 -54272 -1087 1
-93860 94017 55715 2
50704 43860 53682 2
-1092 40958 -68105 3
28915 91833 72714 3
-78288 -90145 -47789 2
-95197 37104 94577 3
10743 -1974 -32983 3
-52114 2001 -72262 2
11829 -18372 -29948 2
-55569 42145 65826 3
59681 -37756 76822 1
34784 -31679 -12116 2
37164 60725 76006 3
-16126 -20792 36570 2
88999 24432 -22193 2
-69844 66926 -53109 3
-65180 63590 -96813 1
-60023 -79904 47319 2
22679 68363 47695 2
23003 -78208 8064 3
-30125 17457 24939 3
-74204 -63670 81752 3
65918 -88351 91869 2
-5822 78822 70075 3
-58858 -58184 45692 2
-88432 2259 -75301 1
-24101 46201 37474 3
91370 -35241 -58916 3
3304 72399 -15775 3
23285 28594 41266 2
-90286 -29295 -68983 1
-64493 54499 44020 3
-39948 88901 26093 3
54371 -414 -22433 3
77582 84258 40862 1
-1546 -58880 -72151 3
47787 -55546 -95504 1
-81828 37862 7238 2
14028 -87360 60352 3
-68389 89244 -81627 2
-50573 -21491 -59467 2
-8691 9760 88326 3
-126 12679 -42781 2
-94286 -54122 63655 3
46280 -71544 -34578 1
-38560 -50991 13481 1
42611 -91451 -50644 3
91944 -64911 47720 3
-2246 -35453 61136 1
89778 -1626 50488 2
-80305 5733 -56794 3
-6737 -52524 68026 2
42199 21604 18447 2
-99577 8596 -31977 3
-34891 -97324 -15699 2
-19224 -70994 72023 2
81648 -89702 -25250 2
-43311 99394 89197 3
-55835 83945 -85034 2
-14094 49642 94573 2
47720 -44861 11734 1
-82777 14475 87660 1
76761 -17576 -95582 2
-76749 53417 31765 2
-9863 -1560 -50779 1
14482 87261 -88137 1
21192 -30275 82458 1
63770 -29734 71211 2
-66753 57870 -16467 3
-59832 -71539 24983 2
25491 98503 -42135 1
19669 -24511 61245 2
-86536 -41548 -82770 1
-54309 -67850 -75081 3
-84073 14348 75404 2
-18797 7090 -19017 2
37859 61524 90956 3
60077 -65806 -23220 3
94105 -66711 -38681 1
18425 61735 -98559 3
-30728 60411 -36386 1
-15256 77136 57350 3
-9779 -60437 19628 3
73909 55245 -48355 2
-48911 -64197 -25922 1
99562 -24543 7516 3
-22646 28812 -99770 2
55047 -92177 -12439 2
53178 -62140 46823 3
-65436 51824 91030 1
74084 63912 19254 2
46417 -3971 3168 3
60995 -29478 60942 1
919 -93979 92955 1
-15759 68470 -48462 1
62985 -88392 -45132 2
-43852 1432 -98614 1
-78653 52795 -58641 3
62152 -18870 -87774 3
8577 62091 27981 3
-60485 66619 16480 3
-39829 -43754 2227 1
83845 88331 16226 2
5270 -14288 19760 2
61745 64717 -49851 1
-64791 -61565 -46508 3
-12346 -13125 -72044 1
37969 19879 13908 3
83899 -15013 -8442 3
-52365 11981 6912 3
-42123 14318 19616 1
-26039 -961 93058 1
76924 -6685 95066 2
-62045 965 29156 3
-98835 63198 738 1
816 -48357 -90021 3
-67213 97326 -35703 1
52580 39969 -3417 1
-52942 -34413 -81195 1
32253 -5507 55572 1
-91562 74610 -36114 1
-36914 -27958 -97132 3
-69769 5414 -12011 3
57935 99361 -1969 2
-84146 447 80640 2
-27576 18486 4079 1
51429 43137 21008 2
-97895 -17872 18040 1
58019 64705 222 3
49644 91907 -13929 3
381 25427 -60731 2
31128 38600 77074 1
-51104 -27164 83450 1
45636 -58390 -62526 2
-56753 -31495 95360 2
17982 -43896 80782 2
-21075 64375 34152 2
-21744 67859 -29719 1
89217 89097 84327 3
-38641 58037 -70125 1
-82915 56257 -41704 3
52077 -80232 69789 2
68489 -22633 57394 3
36435 49209 5961 1
94628 62491 -34031 2
49993 -59952 69115 1
14886 91079 20175 3
-71890 3080 90523 1
-77902 57582 -71431 2
12783 62995 -72209 1
-96365 78449 90357 1
10930 -92557 61373 2
51869 -93601 -55 1
-98010 91415 92281 1
64111 32358 65860 2
45376 -78081 27005 3
-69769 84224 12054 1
68143 -30882 -3427 2
57431 -51502 -72801 2
-34517 85550 67042 2
101 29161 -35899 2
85029 -77458 46804 1
-56929 -91122 19886 2
37396 57917 40552 1
-17175 -14118 52355 2
-48382 39581 -70118 2
43194 -15978 -91905 1
-99920 -55045 77609 3
-41142 60050 38814 2
-96989 23987 70462 2
-733 79073 -2123 3
37127 91621 -20288 2
88178 84391 -56323 1
-85388 -96250 -38245 1
68948 -55516 -44571 1
43503 24116 -11336 2
16865 -63882 -84592 2
91379 -1019 65028 1
68591 -67535 11490 3
88493 -48069 18029 2
-24372 -26373 71055 3
-27486 76832 -68762 3
82089 -5533 -43801 1
82326 20397 -6168 1
15001 -17496 69992 2
-57536 -2972 95449 3
33654 -59083 4972 1
33143 -14656 -48496 2
94236 69569 -43318 3
-65221 -29294 -26616 2
17457 -96140 -53510 2
29918 89382 40342 1
35494 54088 -88686 1
-25195 -75548 -55771 3
-77818 -74946 -76096 2
-20224 -54391 65334 2
94770 91523 -27892 1
-46037 -11394 -77574 3
50737 -53441 -78284 3
-57541 -43272 54390 1
-28127 92102 -45636 3
-97720 -40518 -42861 3
22 -7817 32508 3
-45601 -5750 -62253 1
-23050 97909 -73545 2
3003 50226 -7644 3
-21466 -25450 64690 1
83194 -64310 69264 3
-47813 -30125 -5685 1
90615 30430 18704 2
-7645 -25632 69113 2
55678 28735 -88113 3
93582 -37698 86823 3
-59192 -63725 80628 2
94130 1153 73503 2
89592 17236 -49633 2
12772 12271 55789 2
-6061 -98282 -47259 1
-17795 14571 67506 1
-15881 25107 -86211 2
-83411 -96815 -59748 2
-9058 -81934 -68829 3
60782 16701 83843 1
3321 -53249 81536 1
-52965 -45664 40949 1
98510 -93792 74035 2
5171 68204 -667 3
93086 755 -16868 2
-19925 34400 6437 1
-1761 75349 -17064 2
1125 -51288 97932 1
-89086 -88501 86400 3
43291 81791 98868 3
-87748 -2461 -83579 1
72896 64319 17079 3
-84204 -9756 -30548 1
82935 -47546 94941 1
-19422 33103 77772 1
39173 -24497 -85071 2
61835 -28486 89200 3
-6264 -202 -8546 2
-5159 -43796 -8522 2
-62243 93330 61639 2
-58813 70792 7039 1
3489 9768 18640 1
-91933 -21055 10934 1
93433 18426 88934 3
50030 -55571 -42817 3
38787 26294 -24781 2
-41604 49967 -65075 3
-93874 47720 -96624 3
-17225 78357 -63278 1
36084 -67895 65675 1
-39646 -13360 -43385 3
-86734 53557 41745 1
69581 -41234 4547 3
-94783 -38475 -70054 1
-3361 87693 -28232 3
78901 48491 68243 3
-57140 -37293 25146 1
66593 -39117 28897 2
-49887 -59553 -45981 1
-36211 64567 84778 3
87420 -368 88431 2
-16777 -52579 -65572 3
99876 82215 -77108 3
-59817 50798 51291 3
26583 22141 -91158 3
-48488 -71418 52741 1
89432 88161 55423 2
60548 -34208 6803 3
44031 -21273 48076 3
82699 38347 -81942 1
74079 57717 -6483 2
-62292 -3553 -86760 3
-20333 33619 76747 3
32773 54575 -45783 2
39484 69060 84374 3
51129 -53363 37800 2
-8296 16606 -35217 1
68816 5155 -81679 1
75822 -50726 -51026 2
-19644 85106 18918 2
