300 5
-54830 26115 2357 4
85136 -16967 82556 1
-74065 -12030 -94964 4
-18890 -19074 78268 3
-27606 96591 18974 4
-62356 -36365 -66676 1
86563 73449 71202 2
80034 -18809 -76152 3
44580 20333 -45112 2
-50148 -61475 -5172 1
-41154 -40959 15092 1
33654 -73364 -6704 5
-11609 74637 -4924 4
-9682 48661 89954 1
92590 16598 43394 2
51976 -84409 36140 1
-13951 -80927 -76753 3
-4267 -47313 -63396 3
-47296 -63825 10730 1
26230 -65957 -14789 3
34072 82738 62857 3
-37295 -24014 -57696 1
34448 20299 -49381 3
37003 50388 -38444 3
-4763 -8931 52279 5
76821 -49117 -54837 2
-9957 -85389 7745 1
-407 -71647 -94556 5
-23786 35196 -81930 5
93175 -59020 -93208 5
39392 -81739 53337 2
-98914 -81977 97774 3
38278 -89265 -37444 1
-65456 -37492 15202 3
24241 -3492 60527 2
-122 -82805 -60620 4
-80641 64284 39151 5
74656 13647 -54604 3
44309 5023 -79400 5
-40333 -42709 90198 1
-44421 92403 -74204 4
-21702 -14114 44988 4
-532 55888 -7178 1
-73420 38140 67747 1
40531 -64317 -86598 1
-2989 91435 93784 4
-499 24992 -39210 5
96497 67729 -67119 1
77682 -45195 -7699 5
-38438 49942 -74639 1
89030 -28813 -24292 4
-27275 -34658 -81663 2
83837 -21612 56498 1
88712 13884 -10571 1
57827 -51324 24477 4
-63464 -84572 37095 4
95354 25334 15584 5
74818 65071 21631 5
-1177 61016 -97627 2
-80494 -51397 -12879 2
-22185 75810 -60445 3
-70460 81010 87887 1
-6930 -7731 65284 5
-19000 64762 64359 4
55706 85890 73998 3
-71297 52664 -94116 2
-69877 5823 -55991 3
-45526 82618 14128 5
98222 -19440 -96420 5
-13832 -50663 -40287 3
-17448 -76061 21295 1
60564 34530 76248 3
19651 20882 -98691 1
11769 3285 27075 3
78842 21828 7443 3
-91195 -90710 -74557 3
30020 -31203 -13419 3
-41833 -46024 23624 1
-34701 -9930 59557 4
24595 19803 69263 1
-61207 -2722 -50925 5
-55521 -22723 73427 2
44038 99080 -26289 3
-74972 -69505 6712 2
35406 -63656 -84809 2
-54542 -9877 63101 3
58366 9725 43349 4
-53785 76994 -76866 4
-94771 38239 37114 2
-51730 34856 -57210 3
-61063 -84110 -5885 5
-62774 -8860 -66250 2
-42791 -91185 1394 3
58036 27125 -8668 5
-10420 -69246 80350 1
58473 27882 -92277 1
-27310 -70552 67533 4
-83935 89621 35364 3
34929 -786 -64190 3
-95832 12647 -85783 2
-13069 50544 17682 3
-10109 64855 92554 1
-33890 66603 -12343 2
-14427 65473 73466 5
-70007 98096 9727 3
-31245 55995 -45163 3
24347 -17443 -17889 2
37579 98063 -75055 5
52801 -99697 1243 4
60139 47518 -75569 1
-56046 69484 -94038 2
60583 11398 53003 4
-48529 13853 -33549 4
63461 -50604 29555 1
91557 14387 -29127 4
-53348 25542 9033 2
-98337 42923 -88356 3
82740 52596 54041 2
-55770 69861 89453 2
58451 -17979 24873 5
44302 56221 53909 2
19150 -52478 9105 4
37256 63396 19418 4
-50438 65149 -37951 4
89926 -30576 -67149 4
-82190 -77350 -25471 2
-28316 -83474 -58275 3
-67921 91695 95851 5
-79453 61108 -66114 1
67582 -87777 93226 4
44104 60433 18063 2
-68221 -96685 90018 2
32750 18706 29136 3
-3797 2491 -84333 2
91995 36267 14820 3
-43298 77889 -94684 2
10924 38036 42051 5
-83186 91496 72553 4
-66329 -27754 -11522 5
8530 -50088 -7492 4
-73600 -86347 29979 3
-43513 20351 45356 2
-11904 12005 -28097 5
-16264 -33231 36502 2
-41572 75067 45359 3
-9520 -22096 47869 1
21994 -20528 67043 1
-93229 -58271 -14699 1
-72166 12612 -83924 1
-59686 67721 -59613 4
-22648 -71491 33337 2
95307 -50441 -59316 5
-26828 -5502 -45554 3
42397 -9233 -1982 2
-19475 8494 -7426 2
74438 49480 42140 1
-46995 -38279 -96411 2
-91017 18001 -70258 1
25530 74309 62438 1
89753 23049 -73723 1
-13716 -53200 -98894 5
7370 63963 47530 2
-10220 27951 -69531 3
63228 -19307 -95460 2
12382 -55716 79066 5
65597 -81166 98491 2
85046 -26573 -96720 3
-11202 -50508 75046 4
48382 17814 -84184 3
-57517 -88025 85562 2
-89351 47017 18034 2
-99374 53372 -47043 4
-87103 -80707 -60094 4
-88745 -67736 -78473 2
-97638 59254 -6739 5
-52059 -58172 -53408 3
94772 -62477 -67946 2
-85045 -86737 -57077 1
-89317 89436 82175 5
-32731 -74704 72982 2
-94470 12506 19246 5
-55466 44959 -11276 3
40207 -23922 37506 2
41475 59635 -57816 5
-12673 31218 58841 1
56896 -28871 60094 1
-57251 -19094 78858 4
26819 42012 -42061 2
93687 32646 -75668 1
53648 -17521 -70113 5
59861 -46625 -73867 2
-45421 -66473 -90958 3
287 -55926 -5013 2
-14801 25013 -12036 5
3734 -17589 2238 3
65765 91047 -68769 4
-87447 42970 -12869 5
-18507 63106 -99389 2
7864 -50709 52427 5
-8159 -47933 15576 3
55809 15715 -84767 5
-98627 -3556 62477 4
-87719 92757 69983 5
51493 36505 -48451 3
7379 72848 -10308 2
72007 -61738 -99484 4
47842 -2077 5454 1
-26694 50536 -83559 3
-64332 56904 27307 3
82690 -77738 20079 5
97535 73062 -92228 3
-24793 80287 16253 5
45461 -50213 -81578 2
89981 9359 -45234 4
-69469 24586 -8116 1
58389 71837 46509 3
-92275 -57802 -19715 1
93856 -50812 97975 3
43077 -30099 -58513 1
-79784 46964 17303 3
-23809 -64091 -43025 5
94038 95736 -6332 1
-85087 -29626 -97291 2
41310 25125 -22048 1
24917 17779 61360 1
52960 -90183 47446 3
-23480 1953 -78355 3
74001 60431 -20696 3
64569 35701 -47624 4
48700 -68677 1714 5
-60578 48797 2773 3
23575 -56556 -26328 1
25622 59660 17856 5
-94485 -6762 -23041 2
44942 -91777 91832 5
-15866 -1397 42867 2
-25984 53845 -64176 4
17960 -72138 19974 5
33969 -79119 -73312 3
50258 48153 -87551 4
-77561 24918 -51202 3
39678 23507 76857 3
12232 72628 35975 3
9277 -99769 16137 5
8584 -6676 -5430 5
-59707 -38900 -78845 3
-8844 -98587 78923 2
84161 -24123 -70102 2
23080 -14024 -57574 1
-27677 -53949 70663 5
74315 34887 65292 3
-94550 24895 -76616 2
-96573 60032 -69740 4
25455 -76780 66326 2
36216 92399 94857 5
1508 -5908 13102 3
35474 -81104 62298 2
-48900 84342 6684 1
-48798 -5685 93126 5
-80649 -34598 97137 5
61928 -96202 -89697 1
-27312 16484 7485 2
-28064 -17180 -99979 3
-57706 79021 80920 1
96431 -35153 24907 3
73077 -13526 -10061 3
26532 -74584 -51313 4
37745 -52006 -23461 2
-3641 91987 -29749 3
-21597 60833 -91963 5
-34054 -82023 -77832 3
30555 14840 57022 3
35409 60402 -84025 2
79661 19233 -33977 5
44524 31430 75661 1
-48556 -89267 97232 3
-2084 -11675 -7986 3
-99855 -58886 34749 1
-28188 -22573 47373 4
51724 14490 -62929 5
-68761 69503 -76758 2
35887 68635 28006 4
67343 -52596 -88712 3
2285 -99045 -33709 3
-48686 -29947 52361 5
-67352 -40314 -39492 4
-86280 56145 -67631 5
47056 -49494 49468 5
69414 55364 -76952 1
60151 83087 65401 1
69401 -16492 -17218 4
-40654 13028 73991 5
-91766 68823 -9309 1
-65931 -472 -91553 5
-45643 45631 31310 4
-49764 -14422 4943 2
16702 14309 -73004 2
85773 -79517 -7525 5
35818 -2426 99133 2
-26744 65993 -69206 4
