300
191 265
158 220
169 267
75 180
82 215
171 245
68 142
229 246
72 89
85 222
123 156
103 245
47 65
260 272
55 240
66 262
119 185
85 110
120 173
114 217
38 288
247 292
68 203
239 285
208 275
123 157
124 142
50 265
181 258
55 272
0 27
25 48
225 250
66 181
165 259
37 154
32 176
17 121
70 131
40 76
10 272
74 93
144 236
107 237
39 296
13 265
207 271
148 189
35 227
183 293
61 215
55 204
46 149
83 253
140 285
103 127
88 271
203 213
7 294
115 146
174 291
285 296
49 161
93 215
204 268
17 145
82 85
2 195
78 125
106 155
2 207
8 263
83 123
150 193
69 178
48 264
250 252
37 111
234 292
73 209
202 249
79 288
127 141
49 175
43 243
155 261
26 242
79 107
163 168
181 215
113 286
139 156
62 267
54 238
95 127
78 190
112 188
128 144
186 234
82 107
29 95
30 133
202 210
18 46
6 219
77 227
160 283
93 113
11 45
14 262
92 253
248 299
64 267
259 299
95 218
42 118
77 190
104 282
134 271
58 198
158 205
191 215
48 136
58 117
133 227
142 155
227 243
68 179
108 294
32 99
56 196
161 241
127 295
57 273
207 214
31 263
112 202
45 66
107 187
77 106
17 56
37 63
6 132
17 104
23 141
45 90
31 256
83 190
164 267
65 173
182 270
143 250
69 279
70 106
177 275
59 290
119 200
51 226
101 211
294 297
42 181
54 255
79 105
93 119
196 201
80 235
108 278
1 163
107 150
59 93
6 194
71 236
35 172
9 85
99 127
73 148
1 20
173 274
106 234
157 254
275 281
122 159
78 96
83 122
101 126
194 206
44 225
275 296
177 209
70 244
212 223
192 273
173 293
19 204
15 122
75 99
111 238
12 173
147 261
61 230
151 289
65 106
4 181
3 222
59 224
138 163
51 232
13 137
178 250
56 256
102 289
246 275
178 269
53 209
256 298
93 127
77 276
266 271
161 217
93 271
67 272
181 284
5 136
215 267
80 221
81 86
82 160
228 296
46 113
158 290
2 130
166 231
24 287
37 142
41 67
52 60
98 245
155 215
80 216
133 270
109 122
168 197
124 226
28 85
155 246
157 162
95 223
127 264
17 202
106 287
87 207
40 207
27 233
66 100
49 287
60 83
250 290
22 62
94 132
104 129
89 194
6 93
158 273
187 280
106 236
48 199
80 194
16 177
152 156
184 210
27 167
135 261
104 135
27 122
26 288
34 194
231 278
133 291
36 180
215 277
102 226
163 181
6 97
251 264
33 223
66 108
78 257
204 271
79 117
77 81
85 170
91 246
116 221
84 105
119 153
146 186
60 248
21 294
101 104
