2000
58 503
623 1403
1004 1083
249 491
1524 1849
192 562
1261 1877
547 909
267 896
747 1986
381 1329
57 317
779 886
469 1652
628 1456
1732 1790
700 825
494 1799
1450 1733
103 1069
1114 1342
243 1496
930 1361
240 905
398 1737
1008 1765
357 954
1157 1898
1228 1344
1062 1731
160 1977
40 364
343 694
1081 1814
1308 1550
1099 1325
1072 1332
527 1697
590 1947
180 638
925 1779
35 111
927 1649
1177 1276
484 1690
1296 1342
486 1803
356 798
1279 1916
218 1993
736 880
1476 1483
612 1683
839 1235
1229 1651
562 1625
675 1094
494 663
910 1008
867 1343
973 1901
822 1890
340 1571
1134 1450
1280 1366
276 1364
748 1083
237 1144
491 538
1010 1674
933 1579
1073 1627
1458 1934
456 1253
219 1160
1464 1977
1011 1666
400 1417
615 1740
881 1857
1180 1234
957 1597
39 1123
941 1760
738 745
911 1387
1347 1888
182 1420
135 1173
953 1236
182 1701
103 925
54 690
1278 1989
1220 1797
285 1420
424 534
187 1972
1052 1381
1241 1607
1106 1246
239 1311
308 1091
321 707
95 1917
424 492
253 762
532 1780
501 1713
1320 1331
1012 1646
491 1854
188 1137
537 1383
485 1683
468 1793
344 432
273 1130
528 1735
1468 1662
437 893
955 1149
872 1671
769 1126
1516 1768
720 1975
844 1812
851 1737
1399 1831
919 1151
256 1774
1151 1476
872 1480
650 1971
1391 1509
735 924
636 1516
1553 1927
1112 1755
654 1947
1482 1617
539 1241
484 506
726 1644
927 1100
26 1577
28 1035
1277 1460
1219 1478
1124 1693
527 1566
120 1167
824 1529
1478 1616
112 343
479 1905
678 869
852 1655
361 462
975 1325
1016 1576
415 1292
1254 1839
125 830
0 1153
1221 1701
384 1045
1777 1974
951 1360
66 1428
57 434
154 1911
910 1272
549 1925
97 238
379 873
1553 1919
988 1896
329 1048
1211 1578
292 1334
395 1441
1444 1519
626 1560
1050 1701
190 599
1275 1401
765 813
426 1726
188 1003
276 858
1485 1693
62 232
523 762
917 1317
93 1615
1414 1537
161 1657
946 1663
1179 1584
1723 1840
290 1173
601 1160
1661 1909
919 1087
517 788
1873 1982
783 1982
176 1445
182 1259
772 1877
259 894
246 783
96 1877
614 1623
749 991
1128 1658
138 1543
37 507
643 1227
1762 1861
786 1721
369 637
429 1400
182 1722
979 1647
477 864
381 714
1125 1741
1151 1677
1501 1725
1470 1482
93 1159
188 420
1004 1035
1526 1786
252 1640
101 724
203 1034
217 1066
997 1522
52 564
1600 1745
621 1882
903 1173
34 450
650 1031
640 1018
291 1607
236 1414
149 958
555 1056
188 1235
1040 1115
863 1967
1392 1640
1059 1637
41 905
587 1058
848 1596
485 807
1071 1468
1065 1315
211 1222
993 1082
569 773
1404 1563
1177 1796
626 1092
77 785
1351 1634
1426 1958
495 1726
823 1458
1282 1357
1520 1616
930 1833
1035 1089
1707 1834
593 1705
1609 1666
443 572
537 1998
535 712
1738 1753
547 1936
955 961
54 1476
1755 1995
729 1665
54 755
839 1020
510 784
154 332
1600 1963
206 1550
80 384
456 834
71 336
380 1363
1549 1999
1513 1806
815 1738
318 1509
1125 1953
248 1967
360 1271
577 1172
432 1725
577 943
409 1565
1562 1835
372 1262
224 340
117 898
266 1113
1362 1577
1457 1844
20 482
1432 1826
1207 1368
1251 1967
1173 1974
204 1016
501 1492
1534 1942
588 1739
1180 1457
554 1710
872 1690
1415 1672
132 1557
840 1321
1494 1597
684 1236
1019 1431
1340 1436
132 589
36 1385
143 1438
1604 1981
31 336
167 1958
202 1906
179 707
1156 1924
1227 1405
1825 1882
881 1506
694 1987
1456 1687
25 696
389 1209
811 1149
216 752
1085 1578
170 384
1470 1772
762 1278
1280 1416
1157 1608
1412 1589
801 1661
696 1592
341 411
58 289
369 1169
1119 1614
405 775
477 1923
1110 1812
41 1101
1055 1118
676 1032
27 610
947 1759
1405 1858
595 1697
826 942
1305 1471
188 1382
1748 1985
48 1622
689 982
557 1425
69 980
158 856
293 1816
1189 1813
278 1428
246 1475
1619 1709
1372 1710
1766 1849
348 460
155 1618
901 1908
1096 1901
810 882
1121 1694
940 1485
938 1256
545 1648
1014 1623
616 1510
741 1389
811 1022
444 1045
237 767
389 903
1695 1999
904 1445
1142 1573
839 1832
1117 1894
199 661
1181 1261
85 1534
373 596
298 343
1822 1935
974 1320
394 1239
1607 1644
934 1111
56 944
46 171
727 1717
70 1679
625 928
692 1057
248 1290
717 1971
1183 1547
809 1332
487 1433
274 1643
430 1697
409 705
50 443
1174 1605
1160 1550
453 1151
312 945
1213 1629
651 822
710 1705
1240 1821
489 1187
903 1694
988 1020
799 1779
244 971
1183 1233
63 1691
895 1350
553 1460
233 1832
1223 1350
474 1271
169 519
982 1462
548 1845
666 1349
295 1409
912 1244
66 843
1314 1623
717 1112
1918 1929
1459 1645
850 882
360 1172
86 1735
432 932
124 1560
1111 1139
788 1424
758 1703
1665 1669
1328 1850
0 862
1817 1927
846 1701
367 1860
651 1969
371 1352
146 886
763 1624
436 1005
866 1950
20 1997
762 1945
1595 1608
484 1980
675 831
1698 1901
966 1592
266 1556
567 1342
797 1361
655 705
1072 1238
1263 1961
776 1153
751 1301
103 740
1477 1582
1710 1854
130 1117
474 1458
1165 1228
131 1730
289 1315
210 1241
855 1944
696 1820
1561 1926
97 289
407 1200
83 1211
977 1922
277 976
408 1904
253 744
1006 1335
233 1313
1027 1300
1600 1878
309 645
1266 1465
771 1299
470 1434
276 631
301 423
1034 1246
1307 1712
693 1981
777 865
319 680
886 1118
44 667
951 1750
352 1149
937 1295
418 1099
365 1429
793 1882
1829 1862
241 1872
977 1976
1345 1809
534 1950
360 1872
937 1900
302 513
310 1577
558 1701
790 1438
223 1453
875 903
266 359
579 832
815 1773
258 1984
479 643
208 264
815 1228
1004 1742
815 1340
654 1890
986 1792
583 1352
969 1439
25 226
1505 1544
135 898
302 982
712 834
930 1403
311 1605
291 328
432 1929
401 521
572 1307
1231 1987
503 1150
494 526
1386 1634
424 946
551 1450
996 1977
1418 1851
161 792
143 1578
811 856
411 817
1005 1398
1358 1891
1539 1849
629 892
409 1650
5 1084
736 901
131 780
778 1967
714 1331
808 966
416 1578
432 1515
320 607
972 1095
1352 1907
1311 1606
1467 1489
995 1401
1205 1316
662 1437
497 1810
526 903
424 980
310 1045
3 675
503 1238
148 223
432 1066
308 1639
614 1748
188 1726
111 423
14 792
140 474
3 129
663 1818
954 957
766 1883
73 1912
828 1027
1346 1578
1033 1640
762 1343
486 1946
86 304
120 177
944 1321
510 865
254 870
1430 1721
345 385
411 1892
1137 1138
662 1201
270 1220
903 1927
1440 1847
316 1998
1534 1882
955 1191
215 745
541 1112
1376 1776
533 1642
125 1311
619 1717
1367 1721
227 1238
1445 1476
774 1836
131 1235
1720 1850
294 1126
650 1696
467 905
1297 1701
90 1598
722 1962
45 1935
602 1336
269 1698
853 1186
319 768
477 1940
133 1697
1154 1239
905 1123
231 573
422 1098
1294 1323
1504 1664
1443 1791
313 1135
16 1415
990 1331
307 496
1037 1181
871 985
892 1746
406 520
765 1590
281 616
719 1257
901 1589
1608 1706
511 1237
527 1811
8 1801
710 1383
914 1111
362 1274
1224 1633
709 1440
334 1742
592 1777
966 1481
459 1296
1783 1853
147 736
1812 1958
731 1197
1472 1872
907 1907
1239 1512
136 1946
509 1419
698 1400
447 1601
705 1554
860 1431
189 1688
490 615
1704 1980
131 1164
440 1693
1367 1957
17 1486
1518 1562
132 366
260 842
468 1230
470 1718
1109 1202
707 1602
511 1001
717 1086
87 825
729 1238
1116 1972
501 704
1252 1796
911 1257
513 1745
1395 1798
247 279
688 739
1283 1800
1221 1363
170 1915
174 1656
1139 1927
809 1536
1151 1815
2 435
1613 1783
122 1877
1005 1527
47 635
1229 1848
662 1586
448 830
1699 1769
488 1663
982 1173
882 1700
1088 1676
51 81
869 1125
1255 1681
370 1148
171 1594
465 1287
1270 1925
229 1594
757 812
182 268
1016 1641
795 1938
1802 1999
245 1901
38 329
1514 1864
794 1872
563 1489
289 1144
427 1455
559 1848
126 340
680 1123
1592 1976
843 1871
104 1356
454 630
1459 1924
241 1341
742 1405
438 1631
188 1033
10 1865
266 971
1132 1976
303 960
646 1278
857 1157
1830 1849
203 222
132 1086
639 1405
353 567
541 927
437 525
273 1163
104 1729
432 1532
609 1285
137 1567
683 1150
41 195
26 333
1653 1730
370 889
163 1946
60 1726
1344 1463
874 1642
638 1920
33 1332
1170 1569
505 1683
422 1221
476 982
388 1234
1102 1773
1470 1802
64 764
105 167
1700 1897
1151 1973
334 634
359 1850
986 1622
565 729
416 981
4 421
203 664
1673 1691
6 1764
917 1215
247 1767
126 819
289 1511
90 1278
1143 1875
337 1197
1009 1265
1402 1608
524 1749
315 1462
323 1849
92 1172
873 1592
616 1859
791 1139
1284 1536
689 721
397 1789
1265 1337
806 1336
1194 1472
1286 1695
352 1798
470 976
102 1709
664 1686
78 897
1342 1782
965 1765
437 667
191 1717
11 1580
1432 1941
656 1923
300 1949
331 1527
425 1287
756 1983
128 544
581 1571
1092 1113
240 361
561 935
1435 1907
909 1130
715 1302
585 1520
1153 1200
1045 1895
1076 1715
271 475
1335 1413
22 1178
548 1839
41 1684
798 1939
41 1770
5 1321
890 1787
67 1512
127 666
374 511
1117 1726
784 1303
378 1068
1092 1795
795 1050
404 1204
1304 1833
527 749
603 1483
220 445
19 1768
849 1440
82 1281
615 804
1087 1105
165 429
1366 1526
1866 1893
1799 1829
331 865
1120 1380
1046 1152
1780 1947
770 1405
660 1776
1551 1785
178 305
387 899
1157 1377
293 1420
674 1027
351 891
151 415
1306 1627
124 358
1144 1431
669 1109
815 841
322 1618
1377 1540
1667 1717
1241 1632
114 1528
493 1296
481 902
24 1670
21 792
370 548
450 798
95 1364
169 427
1440 1486
992 1158
808 1347
1330 1592
925 1408
271 1152
284 1122
577 636
862 1466
85 296
529 782
681 1543
581 615
96 1393
469 1625
1843 1964
530 1919
725 1316
741 1196
839 1147
171 1027
1095 1558
1780 1831
195 261
108 1265
704 887
158 330
1263 1678
310 1112
64 627
433 1476
195 557
665 1694
1310 1882
762 1125
152 195
865 1449
926 1228
37 1230
275 932
412 1959
119 143
1079 1219
578 935
946 1868
1650 1778
31 622
743 1981
749 1016
246 1146
185 669
1094 1462
99 589
18 231
343 1913
1349 1889
93 652
1522 1861
197 654
780 1229
903 1238
905 1295
188 1835
540 1775
478 1758
533 1784
400 1038
350 1699
119 753
1048 1476
377 774
1195 1802
235 1504
812 1863
981 1542
74 1166
1563 1979
405 450
354 688
545 567
718 1271
172 436
1610 1768
1544 1891
763 1536
687 1221
814 1571
1524 1869
514 895
234 410
711 1932
291 1288
198 632
439 1067
226 1024
371 1943
484 612
1141 1861
348 1958
1060 1693
1017 1185
527 616
93 423
540 1234
921 1166
449 1273
308 1095
464 1577
207 1930
815 958
513 911
1103 1710
432 1269
545 1658
1099 1752
908 1446
115 1727
1193 1431
1062 1152
254 1743
1115 1721
738 1812
582 1288
1023 1729
73 1951
572 1536
1283 1335
1072 1806
1256 1725
1074 1856
490 1205
638 761
281 1546
1216 1309
240 1523
314 824
806 1224
844 1397
213 1928
1061 1801
306 1979
573 1090
963 1556
1396 1866
79 1094
246 1312
568 575
1736 1924
182 503
1268 1839
1078 1282
363 1748
346 1420
1149 1849
401 1876
898 962
939 1487
577 1814
181 1928
1094 1668
1013 1572
1057 1528
549 1447
664 1333
941 1345
347 1144
196 500
638 1042
1158 1562
689 1242
1391 1962
1092 1404
521 1166
204 362
94 1531
560 1837
405 930
29 326
109 985
557 672
348 1214
418 580
1162 1475
948 1704
1016 1122
100 1405
816 1955
707 1780
154 184
749 1388
145 654
1306 1470
1268 1841
237 403
121 1069
1371 1801
75 1181
360 622
536 1556
157 415
1046 1229
310 622
390 1026
320 1354
309 1042
45 1788
1115 1902
1019 1870
1178 1240
1172 1407
922 1527
647 1204
1007 1073
545 546
386 451
120 1719
668 720
822 1714
513 555
113 1455
100 1861
494 1456
1075 1556
24 1153
424 571
543 1056
709 775
27 1683
42 491
262 1934
511 1173
72 399
661 887
90 246
1487 1751
7 604
53 1113
502 1306
538 714
503 825
218 1131
688 1471
1288 1461
1394 1442
1281 1316
389 1776
292 759
707 1699
1036 1629
146 872
351 494
1249 1909
243 1760
736 1884
574 1201
346 1359
273 1556
145 1226
608 1553
386 574
385 845
982 1877
199 242
644 1297
935 1488
150 1602
1183 1318
868 1109
418 836
1235 1262
58 1519
1660 1722
829 1612
363 1250
155 728
183 389
1023 1983
76 85
409 1950
967 1260
636 970
1855 1964
890 1043
463 1057
76 214
241 1681
46 1951
442 1730
134 150
180 1771
1145 1869
625 862
915 1210
950 1924
286 1600
68 139
584 705
1885 1921
410 794
1089 1244
618 1278
576 1307
164 838
563 1314
41 1153
164 1450
1041 1891
60 1185
1077 1394
774 945
1173 1754
750 892
511 1932
1263 1717
220 1946
593 1000
518 1373
1358 1909
617 1745
1291 1402
1245 1999
673 1840
344 521
1553 1751
1339 1686
1644 1971
338 1086
359 1034
444 1491
1069 1578
716 1883
287 1363
251 1511
152 1002
1488 1761
431 994
677 919
272 1244
472 485
267 1500
160 1916
195 773
623 1970
662 689
202 1032
327 1945
989 1640
276 915
1324 1992
658 1711
222 1899
289 1721
1072 1977
1695 1739
342 1090
291 368
331 1947
1315 1880
667 1217
850 1634
1221 1500
501 1153
193 326
1151 1234
580 701
885 1054
241 1514
404 769
1342 1358
98 1540
796 1326
965 1050
23 326
382 761
1344 1673
647 1689
232 305
499 1883
416 754
1381 1417
41 821
131 1555
1239 1580
1192 1199
596 1877
414 1047
369 950
144 254
288 532
1173 1684
1063 1754
13 1044
594 1963
815 1812
693 1097
1075 1614
908 1070
685 728
106 600
1397 1638
446 469
1168 1872
494 691
923 1228
1846 1914
411 567
1044 1264
702 876
434 1626
1534 1819
305 965
779 1289
279 813
282 1158
776 1294
728 1734
404 1956
1511 1978
1039 1625
641 846
782 1374
54 375
1111 1757
1230 1728
207 1215
1171 1410
1493 1874
151 1789
324 1330
515 1603
12 1071
888 1700
473 1407
473 861
1605 1697
966 1216
67 920
1235 1402
1421 1960
260 344
411 829
231 1321
528 977
913 1468
8 1278
825 1987
255 1488
452 1040
796 929
1619 1893
480 779
1013 1517
1476 1656
289 449
1379 1889
253 1108
947 1955
403 686
1136 1540
231 289
148 395
1082 1637
837 1534
51 1980
454 1756
587 1923
441 1749
646 1537
1039 1556
820 1734
894 964
1161 1198
1182 1564
886 1120
518 785
714 1197
37 1949
956 1776
1 924
291 1322
1425 1469
331 1446
513 670
272 736
371 901
749 968
620 1683
740 1968
531 1405
58 668
1743 1866
746 1984
668 1931
374 682
326 1053
883 1395
1235 1683
659 1901
391 570
209 1859
72 1089
654 1109
161 951
217 481
1752 1986
175 1540
854 1838
1588 1712
303 1290
1183 1396
297 709
1026 1384
1240 1319
1570 1663
574 1747
670 1548
418 1332
186 1311
202 613
1018 1208
483 983
61 176
454 1459
72 221
173 277
455 1096
58 94
533 787
1295 1574
499 1535
1176 1390
1405 1495
703 1837
752 1314
1909 1966
693 1331
182 1217
1566 1906
1215 1607
614 1471
1541 1557
1030 1173
489 1318
1220 1708
417 475
22 1872
752 1006
107 1225
171 1726
59 1180
409 1692
1049 1683
1113 1763
544 1016
597 1159
435 1865
1188 1875
1639 1842
1602 1823
1074 1260
1743 1944
741 1332
1127 1235
1143 1184
1497 1912
299 1911
1190 1646
195 1517
187 359
1776 1994
389 877
1342 1749
570 792
302 1802
371 949
1195 1965
541 1186
1204 1733
374 1218
1760 1812
116 762
248 1675
715 1520
1409 1516
471 1064
57 1994
542 1547
901 1530
1010 1235
360 1984
1774 1850
144 1411
1090 1439
218 900
147 508
1555 1715
393 1662
518 1874
154 1015
1684 1843
287 1447
1394 1841
1781 1794
840 916
435 838
104 283
92 878
470 1369
600 942
679 966
228 1999
58 897
571 890
730 1322
800 1244
1472 1914
697 1517
142 1402
827 1556
994 1335
622 1331
118 1216
1443 1685
919 1858
1238 1266
575 1704
557 1301
998 1263
41 429
66 1525
460 1630
818 1182
212 977
892 1528
498 778
805 844
331 1680
352 1552
1047 1246
646 1133
35 263
1424 1583
1021 1701
245 1050
763 1937
111 276
103 722
1591 1683
733 1242
1234 1278
325 839
357 744
822 1666
1569 1635
737 1468
400 1538
835 1908
360 778
1577 1788
174 1324
1172 1258
1655 1778
100 1611
148 482
466 940
194 1008
1067 1232
1235 1415
936 1654
1244 1866
1592 1794
26 552
12 567
396 1902
355 1813
762 1808
1283 1910
833 1219
1561 1625
1711 1927
412 1097
1401 1688
809 1239
931 1479
1071 1207
153 642
1402 1954
1484 1517
1551 1645
1067 1378
1742 1921
240 1442
706 1605
1028 1595
487 1631
1783 1984
666 901
160 1088
966 1427
1238 1592
329 520
1824 1848
723 1309
879 1172
707 1948
225 511
324 847
1827 1991
1476 1737
1082 1988
168 184
326 1644
522 1185
235 1574
1353 1972
32 533
1280 1330
1390 1492
1221 1248
1016 1732
935 1795
638 1113
174 1433
1153 1585
9 462
1109 1490
64 93
794 1851
825 1780
1094 1616
529 1034
1026 1735
92 259
1659 1780
88 390
483 1908
299 1422
360 423
516 1460
90 978
416 461
22 148
581 885
65 1721
717 1886
1247 1807
274 614
320 1342
1503 1521
1828 1993
28 1581
453 1593
170 952
120 1705
1332 1629
439 987
1189 1579
839 1263
55 986
713 1254
1103 1521
758 1365
80 162
1221 1874
101 1536
1499 1745
85 384
1299 1987
839 1840
1748 1933
384 633
649 1025
135 1584
107 1293
890 1924
250 1711
531 716
310 424
1075 1559
383 668
331 1506
1107 1546
419 1067
402 615
163 599
1212 1937
159 322
1203 1656
1244 1262
538 1406
378 1634
1277 1616
708 1592
365 1278
205 1168
91 836
262 999
15 1149
1199 1442
432 474
611 755
609 1681
1009 1730
21 1802
1057 1423
1243 1957
1708 1854
196 681
616 1702
239 859
485 1796
253 1385
1052 1142
618 1759
436 1628
66 1072
1236 1420
1275 1403
8 1697
7 1407
225 1375
587 1707
625 1903
1418 1545
918 1323
290 796
699 1205
1370 1984
427 1833
284 1805
415 1579
471 714
586 1221
776 1267
90 1206
598 1615
927 1587
387 1602
306 1879
1219 1502
712 1280
66 1599
257 710
1498 1853
308 876
68 781
310 1058
722 1239
451 1881
70 1916
769 1996
457 1683
622 1234
671 955
649 808
265 1144
208 618
166 984
745 1533
1703 1866
156 1579
984 1074
839 1837
1183 1904
401 884
941 1135
200 1547
1075 1104
187 1946
357 376
973 1350
58 1113
1443 1663
308 1537
624 1010
49 1594
339 494
936 1167
471 1175
1199 1357
101 1807
648 782
517 1726
780 1023
666 986
848 1221
0 512
1235 1927
1738 1991
30 1916
413 1517
622 1173
1448 1947
985 1296
1080 1915
507 1474
504 763
201 1680
305 533
529 1575
925 1348
765 930
831 1419
388 1029
892 1327
862 1208
1508 1889
160 1182
239 1342
537 556
171 1264
1552 1744
732 1656
478 1810
1693 1971
956 1724
494 1403
1342 1577
84 1195
135 1867
443 789
360 564
37 322
591 1231
1051 1073
759 977
496 565
614 906
299 1086
1523 1990
695 707
127 1473
976 1568
1161 1477
903 1184
1421 1454
1804 1810
605 926
934 1155
657 832
243 1451
68 955
729 1507
1757 1887
1022 1603
1421 1683
340 959
470 481
653 724
757 1798
40 1123
145 1601
110 144
335 427
531 1381
421 1013
153 240
1112 1335
8 1452
230 268
1026 1410
1093 1814
1224 1407
672 1067
769 832
106 1537
100 181
428 1553
872 979
815 1872
780 1149
349 729
1057 1280
314 1511
854 1235
638 734
1016 1716
1222 1821
131 933
47 156
882 1701
218 1798
1636 1965
6 1755
293 1852
638 1621
760 1403
385 1161
837 1338
392 1236
198 1488
322 882
43 302
1221 1810
1355 1516
905 1260
1472 1941
1056 1682
404 423
1860 1952
107 1756
924 1239
1298 1459
465 898
606 675
945 1531
710 1656
434 803
802 1169
550 1708
41 615
141 1336
415 458
142 1988
379 1620
280 1391
1109 1567
566 901
68 1479
1140 1153
196 1377
281 1170
259 1129
593 1860
1211 1477
1531 1727
1190 1351
123 1202
23 89
239 601
