2000
793 196
1865 314
39 1789
1842 538
1187 896
1830 922
440 205
92 1636
1201 1626
1993 537
1251 733
1147 1564
492 1071
1901 1018
1558 1334
1104 1437
1645 223
352 1240
1894 604
1725 1454
778 350
1409 1005
1480 1910
720 101
1230 1314
891 1744
453 505
626 1308
1196 1037
1850 1835
589 660
168 1232
1347 149
26 800
672 121
1430 1396
488 74
1382 677
1162 1031
730 1699
1642 1214
302 115
3 1614
1481 636
1849 1133
1035 947
773 72
1706 1355
966 187
178 675
531 1160
650 888
83 1679
243 1069
662 988
1149 1344
245 812
1424 1845
919 1004
173 200
664 1679
1968 1663
1352 1431
1873 179
1992 814
236 1904
115 1575
1978 887
5 580
1882 957
1134 937
1499 145
1500 1072
761 551
29 780
1825 204
936 1849
361 1204
1575 1910
1437 387
1826 1878
38 1069
1705 1275
690 1909
914 137
1487 614
999 1604
898 1300
985 810
1290 959
930 1500
1460 841
1511 973
1222 1282
482 1371
1711 1787
990 1537
111 1297
264 673
724 469
929 254
1240 1610
1310 613
326 1677
455 512
217 1745
962 1880
1680 712
888 1300
1475 141
1218 1099
568 1177
397 1561
742 725
196 1437
1479 1697
58 1690
887 1393
1120 1348
1693 852
1373 351
550 1199
1107 1692
1543 1324
1315 833
593 1414
1163 1462
996 721
229 711
517 134
853 1189
46 1316
638 95
262 154
1644 992
1473 958
1671 1898
238 1223
557 1670
762 1197
747 1715
1774 768
1986 725
239 1275
135 1844
911 514
14 1323
247 1533
1913 1906
1361 670
1715 384
110 608
1945 221
1871 427
779 1931
827 1053
163 1841
1257 1392
1150 1773
149 903
1590 1878
419 1314
1685 570
1323 324
910 1467
601 1561
1031 1282
642 1716
899 1135
369 951
232 1264
1211 849
1599 70
427 1988
548 123
737 265
771 853
956 1445
1070 1797
1643 758
1239 466
486 533
1266 1718
1863 686
800 1311
1483 1648
1592 90
757 1503
1367 1392
44 215
1436 405
1734 1621
200 1880
1007 974
86 1944
1572 1346
1057 886
1412 1225
502 1061
55 372
1719 527
515 324
1805 1220
789 948
1286 663
621 1694
814 1212
72 1868
132 1490
1892 1361
170 625
75 1956
140 245
874 342
1064 993
1781 1555
1425 342
1346 1435
632 1058
1822 85
683 1
578 1814
253 1705
781 1880
1485 788
1731 2000
378 1577
1535 25
1784 1225
294 989
872 397
1375 103
406 1312
499 1968
967 1051
1782 326
1981 1662
1633 262
1241 193
1494 1151
233 1974
668 1170
1656 1458
344 218
1912 1863
547 803
13 1773
1554 556
1561 589
1812 830
504 640
1289 941
479 995
1250 696
1652 820
1757 1782
65 696
523 748
1074 159
1453 272
358 1736
856 555
573 726
522 1399
1335 874
619 1776
1023 1724
1887 535
375 390
1258 269
275 38
476 363
858 1790
1197 1847
35 581
1231 1652
501 1001
255 705
922 560
1034 1589
63 1886
1663 1551
926 529
669 880
270 599
1040 1700
1539 1014
939 1294
407 447
1911 1172
1811 1917
767 182
141 78
533 642
456 1580
1224 1303
1820 770
886 1656
1780 1838
362 1159
1609 276
284 227
146 1873
231 65
715 425
1364 805
1588 68
1653 1426
1338 1509
1694 627
473 1366
1898 1746
867 530
1612 247
430 626
1504 1128
1973 1946
319 1991
471 773
313 745
519 1162
1161 689
202 1278
1961 1591
834 1682
318 1210
1328 893
792 451
364 865
90 1082
54 1961
195 1140
1254 1660
1760 186
1940 1556
1982 85
1455 990
1417 1623
1349 1862
20 851
784 602
1173 1227
363 596
1953 1131
372 1473
69 1573
507 258
1432 1771
537 1563
1545 1030
389 867
1498 1076
1899 70
1614 144
73 666
1834 1751
1356 1353
673 1911
1884 554
95 569
1253 1344
244 514
1472 1708
679 1004
1351 699
1926 1615
414 1440
1307 41
1388 1238
1562 1301
1433 891
527 191
1141 879
1946 1838
1786 1321
443 704
324 1411
1030 1930
396 474
94 973
354 1311
1117 1692
556 401
215 1380
1879 1835
376 1418
234 1482
1275 1188
1410 1328
1854 35
1903 1756
1406 1024
197 901
1055 1816
540 27
119 1951
957 1430
1372 1818
114 343
1934 1019
144 1118
1563 1585
208 1561
1752 348
1815 1423
1423 881
1357 1051
1309 833
1280 1162
1814 1876
1183 157
1615 472
810 1567
1429 909
1116 203
1977 1754
994 327
1516 1685
458 941
286 1654
1027 71
1768 1048
1840 1029
723 1323
1242 1215
109 1055
813 1626
1025 997
1210 1224
308 1968
1484 367
1092 693
1904 1905
685 1928
582 1041
772 1327
1740 1160
933 91
1039 511
1632 322
74 319
285 1019
181 1145
45 1885
108 1928
575 1348
741 1638
807 254
627 1384
1053 930
1519 259
997 1806
1050 330
969 1288
1773 1129
1777 1896
1217 694
33 1106
1067 1244
345 1918
1024 1425
1448 1611
1477 610
1804 1329
1376 1890
1941 2
300 655
1753 1049
598 445
1165 1165
97 1722
652 763
1089 536
327 1219
133 999
1816 463
670 918
10 637
431 716
199 301
1648 1918
880 1326
900 106
786 599
1396 613
913 1586
402 495
1450 1659
28 691
347 1738
1269 1576
1716 116
1525 1700
901 537
237 1444
592 1589
460 539
883 451
1918 990
1184 1335
77 1967
546 1063
1650 97
1119 502
1082 633
387 1095
1469 1316
316 1550
1564 83
1118 383
1259 1850
675 1
882 1709
1431 308
1900 951
117 673
1156 1893
1413 1445
48 331
423 936
1746 1535
400 258
1297 1051
82 1586
721 795
1300 846
1698 1527
467 1685
641 1296
1188 516
1272 1019
851 1615
1154 1930
604 1467
1464 116
1574 563
738 561
1938 1432
1906 112
365 644
1312 166
1080 314
1910 996
221 1874
842 973
817 1946
1399 547
560 865
1214 1743
835 877
707 152
1606 1277
1131 1487
750 1554
103 862
432 281
216 400
1707 388
1856 317
1874 47
583 1255
116 1687
1517 13
370 1537
1153 1153
129 129
1530 451
1769 1713
159 1912
572 914
282 708
112 77
99 1227
701 1703
411 303
1394 199
525 1649
1509 849
1200 1416
765 1743
769 77
143 1567
1919 1019
1457 1563
569 1121
1851 232
1438 195
1700 1872
1088 972
1229 863
808 270
182 578
1202 549
50 283
564 466
1607 1701
854 763
609 916
599 1414
1721 674
1061 1830
918 473
1097 1102
7 1056
1294 176
34 1404
1559 1607
1619 176
1505 604
995 1374
1621 1918
392 1033
1512 940
315 1288
1864 947
235 412
84 1871
1148 1142
1714 635
1867 842
1589 356
1090 905
1446 1772
1502 905
954 1187
520 237
394 605
306 1949
1553 1153
1468 370
309 974
656 1334
390 843
1182 75
1008 389
1180 1370
225 1831
1847 347
1344 1897
1160 786
636 1720
1690 1814
31 1818
1291 1012
1681 1453
909 1117
1348 1775
942 1323
1608 610
1056 410
360 517
1232 965
147 1314
1585 288
1549 1869
553 500
928 876
224 826
1358 800
248 380
1175 1547
975 1773
1743 1713
890 741
1159 199
6 454
1320 110
893 381
1416 800
1547 6
1647 1167
1920 872
1442 171
1806 1336
325 1883
960 1623
1947 452
401 9
1630 946
1527 1061
1384 418
1764 1462
1012 378
1741 1731
1191 101
833 598
1508 582
151 976
1877 1423
1091 1381
1397 1356
1168 1322
194 1505
1339 1068
172 62
655 1704
139 1521
495 524
1407 436
1802 673
746 881
1658 1602
1172 1544
1813 1052
618 938
1732 1778
1628 1026
977 1741
660 1786
743 323
1369 1154
368 556
611 1784
1317 1883
1085 286
1751 236
1330 480
1474 1220
1778 1212
1216 1903
322 600
843 919
89 1576
403 457
1560 338
1624 1637
732 512
681 211
1937 512
355 947
1111 883
953 1393
839 549
595 778
268 796
1051 1838
1795 907
297 173
876 1930
463 1044
291 496
251 1435
524 1599
794 631
1640 1317
1235 237
398 867
64 1797
512 1456
1414 430
1923 51
1096 407
704 1700
1991 1626
1333 863
153 37
154 1614
1151 1726
1836 247
1542 126
1058 673
267 1481
1208 1870
798 1573
1748 610
1018 665
1631 1410
214 1516
1853 837
1510 1691
1193 560
1987 1684
1318 1126
943 510
1641 315
1506 794
753 746
697 1181
1471 590
1524 553
643 1962
1004 992
304 960
274 1661
1420 617
1598 174
169 49
413 583
1170 1900
261 648
1888 708
454 572
1745 128
1984 929
971 144
1858 1090
1108 1945
963 1905
145 605
1817 781
1683 1947
869 1516
428 817
1028 1424
388 26
733 1131
1451 218
472 1123
539 663
1730 807
1377 1676
1533 976
988 1799
1441 635
434 636
258 767
1142 1160
1980 1036
120 1349
678 1059
485 1683
417 408
85 1982
87 163
1883 1336
287 125
1411 1252
1447 1280
1192 381
1602 208
645 413
740 680
1637 1724
543 1581
1489 103
804 101
451 711
1845 320
366 1223
1476 1725
339 1127
1790 1250
303 700
12 1277
594 236
1066 1687
1486 395
946 1396
1808 722
328 96
416 454
188 757
1793 855
801 436
973 919
439 543
549 912
409 522
1959 174
706 1645
338 729
1207 938
587 324
941 804
1659 518
1735 426
1878 904
863 1228
964 746
731 479
1299 1304
1146 224
444 80
862 3
1618 1852
1551 316
1042 1689
17 246
680 1711
597 411
812 693
635 516
1374 1519
341 1548
1520 1303
603 437
1316 90
137 567
310 1310
1932 615
1522 211
1623 38
175 1553
714 886
1985 1194
1311 70
101 1311
437 449
1876 1650
1838 408
576 1279
1586 953
206 983
1186 1359
1271 956
924 834
825 1674
1013 996
1616 1432
844 1736
702 1758
281 124
992 251
596 1276
424 23
688 1906
201 64
857 464
820 472
1568 1373
1421 1079
15 682
1931 1763
1195 631
21 1919
500 956
1872 1052
1366 1229
1636 1404
1264 701
1296 1989
1327 683
608 6
878 971
602 41
320 1313
921 157
1362 66
1046 308
30 1588
1514 1801
693 66
984 63
1282 403
1755 1341
1688 86
265 660
974 1757
831 901
260 1131
93 1129
121 1979
174 164
585 891
644 961
377 82
689 198
815 13
877 1663
51 1602
1646 1065
1729 3
1427 636
429 1070
24 973
1342 1028
1121 382
1015 1129
383 1093
908 1042
382 1068
1038 1245
227 1107
1544 1483
1145 1999
1528 799
1285 1568
177 1011
1132 555
1103 468
256 141
1083 36
1321 799
1722 657
1801 1278
889 1759
1314 738
131 1476
1459 1771
648 752
559 1429
777 836
949 754
955 416
71 257
1828 79
1204 1443
1001 991
722 1559
2000 887
1206 32
421 627
1 483
1665 1490
613 109
1415 833
1942 288
167 28
903 1843
829 1195
1742 847
1818 336
445 1582
198 1645
906 992
1523 859
1256 1756
1370 81
343 686
1178 1526
698 833
577 466
1891 713
667 1938
491 881
250 1322
211 16
1890 675
1831 312
584 1575
156 1913
616 343
252 553
49 395
323 1832
161 1013
213 1580
864 471
915 1392
711 1422
1215 17
1837 238
538 1757
1844 1598
1922 235
1463 1100
836 809
1354 1990
1440 1181
293 1494
1243 1867
62 365
192 312
1456 932
1728 302
1337 1544
562 253
570 670
1670 219
567 564
905 596
968 131
637 906
106 1500
1029 878
1703 737
615 512
1274 457
1915 1559
959 255
848 230
1076 1576
269 844
1604 339
276 1173
1190 1078
1952 1438
503 1981
351 1419
1127 970
1252 1827
1972 1286
185 1334
535 490
1109 217
1661 1988
646 33
716 469
266 1009
487 251
1886 1384
1181 1604
816 734
1595 289
1439 1103
52 1963
1247 1377
647 1966
404 771
849 935
1974 220
1223 1352
420 862
1936 1063
228 42
209 35
791 493
1495 1480
708 367
1622 1911
1971 801
796 545
513 1548
96 487
1997 1034
565 116
774 826
1133 1067
1075 936
719 1834
508 1669
1550 319
1395 1789
1065 754
1081 959
477 1243
790 716
1788 335
122 1560
950 1838
307 1622
1704 131
1708 1190
566 483
1078 1193
1662 1583
1655 869
1569 37
821 1414
1492 1236
1079 300
687 215
100 1780
749 199
845 1053
230 1166
312 667
254 1878
1194 232
1140 1602
1930 63
1445 1900
665 273
1037 1851
961 1006
446 1231
162 1445
1043 73
1975 1918
1611 1004
1343 1911
1875 1539
1759 1134
871 1452
483 373
541 678
705 1034
1783 1242
391 715
846 448
1353 829
1699 1366
1049 1014
1199 960
9 1564
640 66
830 125
461 230
142 1943
494 356
752 184
1283 357
1152 608
861 456
203 207
775 1613
1736 1686
1143 1651
474 37
979 1603
43 1006
1093 1947
1022 1493
1010 139
1948 1750
1791 218
210 816
1966 1136
1869 1459
118 1882
1392 1583
1304 639
277 1599
934 948
1775 1598
464 1515
710 1013
336 75
160 96
1954 1307
1306 782
630 279
226 1663
107 1389
1712 1086
1334 221
938 1353
1896 772
1045 223
703 1390
348 726
692 1228
748 1688
700 571
713 1366
1994 1438
8 788
855 533
764 925
1823 598
288 767
819 507
1393 1236
1125 717
509 1806
497 1185
1515 231
1062 818
1669 1259
80 327
695 476
1639 41
1924 957
193 138
1233 1781
70 43
818 710
1800 1134
25 814
530 932
1443 875
180 1891
1610 159
158 914
1497 813
677 1876
526 703
1326 1600
505 760
634 1627
686 549
1331 1878
438 485
1749 1784
1767 595
989 290
148 1321
1737 825
870 1459
726 579
1324 1503
1907 1934
965 619
803 460
128 423
932 752
1033 502
1529 1132
581 1885
1870 1667
130 63
1490 1111
1596 1909
1950 573
1365 24
586 722
405 448
1322 727
1263 673
1580 1560
1796 705
1157 1574
1060 1437
321 1190
682 1709
399 31
824 1479
126 1029
797 1208
1770 1290
127 1608
859 1062
1829 1223
958 578
696 1521
1895 1646
879 1329
356 374
1329 1129
1687 1565
631 392
809 1192
1138 1027
337 653
925 116
189 1403
554 1726
1113 564
60 481
1112 398
1839 475
1006 1185
917 323
580 1911
1921 374
991 32
1041 294
1129 205
1841 1060
271 1501
1601 1846
241 1019
1404 914
435 1068
1905 1949
998 787
102 1065
1677 1277
296 1160
1122 194
425 1194
1600 1904
447 1737
612 220
1077 556
1710 204
1044 1622
745 281
674 1119
1198 102
1726 1030
1582 1593
1458 1639
776 1353
442 1504
125 364
1776 1384
676 1797
61 568
53 795
1305 1649
16 413
1336 1814
1219 562
1444 1833
1702 1762
528 1348
113 1249
1684 1390
493 860
1868 1794
259 583
1026 763
1185 1882
1245 1155
335 1670
866 86
694 1128
1866 1950
1518 1204
1281 1582
1957 979
622 797
1567 1220
32 683
1345 652
1857 1583
1927 418
47 448
212 503
1052 1213
166 448
542 1267
1086 1026
412 1009
1532 1099
868 1139
1260 709
468 700
1668 880
852 1920
983 493
607 1463
490 682
1262 375
1889 969
23 351
1935 460
470 96
1534 652
1016 15
709 29
1970 1982
896 1163
1555 1248
1538 665
176 1814
88 1183
1651 1434
894 613
1990 1685
895 646
1503 1060
783 951
219 23
1225 421
1378 402
654 1513
1679 1481
563 1101
1279 393
1803 1400
1765 1945
1701 1855
1916 81
136 319
1541 1175
1660 783
1962 1130
1418 1622
940 1786
1071 1145
380 1651
506 1767
462 307
1227 1250
897 783
1771 473
1944 432
22 217
1095 1085
350 468
735 862
334 145
1493 1419
76 1237
1287 917
1496 172
1976 749
1099 397
1859 1624
280 1141
1969 1796
1110 1568
1203 1347
756 228
1332 239
1821 521
1613 1362
1371 1720
484 143
628 1147
1785 864
418 145
1546 913
240 1523
1488 1394
1744 1696
1521 1995
755 178
480 264
11 1431
1939 645
357 1125
349 1575
1552 415
1667 361
1273 843
806 586
331 1462
459 1239
802 561
832 602
1470 1386
860 481
1526 1949
1593 1613
1102 719
1881 469
1855 974
1228 438
1902 963
1461 120
1570 1654
171 1107
408 1385
614 1528
1917 853
657 1080
207 1874
1579 1030
1174 1695
1897 1304
41 1674
1960 819
1428 1231
1114 441
496 1532
1983 73
649 1026
155 993
666 1664
937 1939
510 1946
987 1049
1246 419
1293 1894
1255 662
1578 1489
150 715
292 1987
1401 278
1943 1677
1359 459
1678 283
1454 1136
1797 1843
850 1810
795 340
1594 1274
945 1683
1860 1721
1674 968
1709 1339
18 1746
1629 138
902 569
1158 186
532 21
333 641
659 1564
1772 1013
1577 656
415 1502
299 1311
342 1705
1301 272
1713 1204
1723 718
1465 1760
373 1918
1408 704
1914 389
410 1947
1383 1162
242 672
1967 1434
40 1356
59 481
826 1773
1998 629
514 516
1220 1493
768 1948
1226 1854
561 1590
1799 86
1237 422
759 1776
1999 106
1005 1414
330 1339
1627 1471
1573 70
1360 1192
1270 781
1885 126
1583 1463
263 336
1098 843
1249 1574
552 254
978 1898
625 1962
205 552
386 1412
579 633
976 1985
332 767
1540 1114
295 109
785 1748
1379 1981
981 1953
1955 1695
78 1834
728 1542
1536 132
79 607
1605 1317
1928 238
1965 372
1462 1007
1908 60
651 793
1144 198
1014 840
1750 1270
571 1660
712 1175
1284 112
283 1233
1696 1780
1398 362
1128 1195
1794 331
1964 1773
892 179
222 667
1625 891
1298 1644
805 775
1675 990
633 1624
186 1079
1155 685
1009 1809
837 621
947 816
1115 415
305 289
1798 1405
623 1139
606 1296
371 1464
1761 283
1295 1845
1807 655
475 1553
986 1505
1308 1830
1666 1664
840 1089
1956 1961
1179 377
37 635
1036 292
1949 149
91 814
744 1310
951 1392
426 809
1209 437
881 381
1581 433
1302 1515
1380 1417
104 241
788 135
729 585
617 1008
717 776
754 1989
1292 498
1021 423
544 1805
393 780
190 267
884 459
1205 332
1124 123
1385 640
1620 348
1054 1564
691 601
1355 724
1597 198
379 1244
1402 1225
1989 1363
2 553
1657 968
1848 172
183 989
545 1348
734 956
1672 504
927 1117
1862 1548
138 990
972 1701
1072 907
1238 1765
1733 41
766 1404
1350 187
758 197
1405 184
671 806
1340 656
1341 867
1695 928
885 1647
498 1214
1852 491
367 247
1537 290
1139 1041
787 1842
1565 1866
1789 403
449 395
1697 833
536 926
1634 1735
1268 532
395 1881
1691 590
1827 2000
1032 1429
57 1932
1738 1700
1389 335
799 1696
441 93
481 91
123 235
907 289
751 626
1136 1040
551 1296
1319 1492
935 319
1101 943
1177 1058
624 810
739 1541
629 1699
923 1850
1929 1383
591 1564
1626 604
588 129
1718 748
1059 1530
993 215
381 1631
1635 1762
469 805
1084 1631
822 1542
1002 736
1739 1330
1833 229
298 783
4 1774
1426 319
191 1369
970 415
727 944
81 760
1747 1710
847 787
1720 1079
1676 1004
521 196
246 1888
1047 545
684 1894
1244 89
384 1927
1832 1809
273 692
1824 407
1995 556
218 573
1434 621
865 187
1011 335
904 1425
1466 1817
1664 1876
1482 512
204 1498
187 104
780 1647
1638 1624
653 774
1278 1015
1843 38
516 69
68 127
1166 99
249 856
1531 1205
1400 1103
1556 1051
223 1444
1692 1999
124 1297
699 1532
1212 277
478 1105
661 575
436 683
1137 13
1717 1148
1105 1303
1048 551
1724 1482
1303 1080
1951 367
164 1709
1267 1943
1452 216
1130 165
1979 1589
359 1839
718 938
1189 956
1763 228
1925 1007
1754 1082
329 327
353 214
98 638
1265 1781
916 1616
952 433
1513 1779
944 912
1234 316
27 55
1019 17
346 890
1363 1089
1779 381
1068 389
1576 743
1617 931
1654 1870
1063 1822
450 1649
1603 1931
1169 117
452 1864
1787 95
1000 57
1501 55
157 1384
433 1012
1073 282
725 390
841 445
1649 960
134 955
763 1434
1387 740
931 571
620 1866
1880 870
1557 1482
663 181
1591 1276
272 1850
1756 1423
184 364
1094 230
1276 1811
1727 1107
1571 1160
760 1681
42 1280
1236 808
1478 1963
448 1396
289 1024
1861 57
1368 1453
374 1078
1248 1440
1933 816
1686 1711
67 182
1507 1613
301 671
1584 1136
823 1046
220 1762
1087 1706
529 1264
290 632
1566 1540
980 1444
982 1907
838 1389
56 866
165 623
920 1971
340 677
385 81
1325 1130
1391 709
1762 1360
1893 290
555 1023
1758 1108
1846 1313
574 1079
558 912
1909 742
1766 870
1435 1727
465 452
828 1403
590 1691
1261 1474
1491 539
1792 1089
1682 1236
1017 596
770 352
605 219
1422 135
600 147
257 125
1996 1876
1123 1365
1810 1099
1135 1846
1171 393
1213 1179
1020 975
1106 1453
1403 891
1167 1616
489 475
466 1998
1449 1280
1689 1905
66 909
518 21
658 774
457 987
1100 473
1221 177
1958 678
1809 1946
278 1067
314 1766
1126 1533
875 1662
1963 469
1003 1751
948 149
873 615
1164 228
179 24
422 1979
782 1326
1819 221
105 723
36 505
152 1547
736 175
1835 1395
1467 1163
1587 649
1548 1744
1673 442
511 553
1288 652
1988 463
1277 1679
1390 1990
1386 1287
1069 1855
311 1019
1381 1584
279 921
1176 1136
610 1117
912 934
534 1604
19 867
317 1434
811 571
1313 1094
1419 1457
639 901
